mass_A
t	v_{x}	x
0.0		-5.34851827538876
0.016664879644024935	0.49360354959556113	-5.349250312838799
0.03332975928804987	0.5307626536841228	-5.3496971484004705
0.04999463893207526	0.5914431780523384	-5.34062989788444
0.0666595185761002	0.666761375856295	-5.331948167277896
0.08332439822012559	0.6338526555611765	-5.320427829520161
0.09998927786415052	0.6617251674562002	-5.311120242270915
0.11665415750817545	0.7768912135185235	-5.30011559817512
0.1333190371522004	0.724617360363575	-5.289536841991142
0.14998391679622533	0.7931303553674028	-5.276475481213717
0.16664879644025118	1.1773917608369917	-5.265268923111764
0.18331367608427612	1.1251076112234268	-5.245231098657181
0.19997855572830103	3.4574339731524706	-5.232164400145401
0.216643435372326	3.638854579188253	-5.220830784171532
0.2333083150163509	1.0660576543612346	-5.199670009400595
0.24997319466037632	0.859846714766004	-5.1820646983237335
0.26663807430440123	0.6748708028046388	-5.159571048435481
0.2833029539484262	1.1317409977486215	-5.142385782984908
0.2999678335924516	1.1952084534855725	-5.122363981741918
0.3166327132364765	0.7480916051592097	-5.104959015629247
0.33329759288050187	1.2310935921267747	-5.083662335988167
0.34996247252452684	1.4761074841392507	-5.063699214457193
0.3682938401329546	0.05862826709250946	-5.041504469706908
0.38495871977697954	-0.17501379567863	-5.017657201872574
0.4016235994210045	0.6828236285194234	-4.999458212832793
0.4182884790650298	0.7666036941880396	-4.86789616188852
0.43495335870905477	1.1257815073282007	-4.853117262629717
0.45161823835307974	1.3657522401804523	-4.896318478449537
0.4682831179971047	1.566127349987191	-4.875352929790848
0.4849479976411301	1.5678243420294247	-4.819943095306277
0.5016128772851555	1.5175208554844637	-4.825951228836969
0.5182777569291804	1.4314133938694933	-4.8117231255286725
0.5349426365732053	1.3890789006994506	-4.801019375281924
0.5516075162172303	1.5216630919694238	-4.777998826888402
0.5682723958612552	1.6488194222304162	-4.752491691724227
0.5849372755052806	4.701607692042582	-4.726638524787723
0.6016021551493055	4.24026716103686	-4.699196163744522
0.6182670347933309	1.0572299391027067	-4.559519329708074
0.6349319144373559	1.4494350837462562	-4.536258736953789
0.6515967940813808	1.4773068403928125	-4.51095647300934
0.6682616737254061	0.37126553260021766	-4.487175872860023
0.6849265533694311	0.08601854153738862	-4.470747257783466
0.7015914330134561	1.2540478643979234	-4.481665391407914
0.718256312657481	1.1303795799320446	-4.4548732069331445
0.7349211923015064	1.1763829344415713	-4.467093329087987
0.7515860719455317	1.7406929925129122	-4.442167886180365
0.7682509515895563	4.2691542373741775	-4.414566461944261
0.7849158312335812	4.296926157814474	-4.279815409628188
0.8015807108776071	1.7798258975541723	-4.250757279503221
0.8182455905216319	1.608307017835796	-4.221193095295121
0.8349104701656573	1.1372202628806831	-4.198812087894586
0.8515753498096823	1.2781369174482162	-4.179638098105444
0.8682402294537068	0.702861583414918	-4.150867211305895
0.8849051090977322	0.290731335923891	-4.146349758085091
0.9015699887417575	1.3685588633509138	-4.1489172130858645
0.918234868385782	1.6784429654134516	-4.117412157005453
0.9348997480298075	1.7067437946097237	-4.109067661130788
0.9515646276738319	1.9109621772874164	-4.077032894950166
0.9682295073178573	1.8951884174544433	-4.044885564704055
0.9848943869618827	1.8947587003416562	-4.0167689991011715
1.0015592666059072	1.910796184128614	-3.985563373462639
1.0182241462499326	1.8228574144870116	-3.955935150244404
1.0348890258939571	4.451921814162949	-3.9253632958717013
1.0515539055379834	4.420388914635309	-3.7830417755402803
1.0682187851820089	1.7525850724292047	-3.756786453434785
1.0848836648260334	1.7736178772098679	-3.7261438310122474
1.1015485444700588	1.57386564439696	-3.6961812285896856
1.118213424114083	1.053614852577762	-3.6708755516829297
1.1348783037581085	0.6613237052073669	-3.6533045964641633
1.151543183402134	0.8293526134709885	-3.6523304481539687
1.1682080630461582	1.6515935548917993	-3.6422920257124956
1.1848729426901836	1.8488212103691932	-3.617937400133978
1.2015378223342081	1.6325046548668274	-3.5934984473060054
1.2182027019782335	2.02885979623304	-3.5634645700172856
1.234867581622259	2.036442527471517	-3.5238238616494613
1.2515324612662835	4.479556819958451	-3.4934160796395286
1.268197340910309	4.5827126220574605	-3.356265961636825
1.2848622205543343	1.8083793672199635	-3.3221043892026225
1.3015271001983597	-0.10935434802741165	-3.2962493834819275
1.3181919798423851	0.0232164846372546	-3.3092158254020543
1.3348568594864096	1.7901518261952605	-3.2834800456651436
1.351521739130435	1.871663963495856	-3.2619762223383963
1.3681866187744596	1.9489139233929547	-3.24237049240765
1.384851498418485	1.9186553081949005	-3.2174434599009696
1.4015163780625104	1.9753138858540553	-3.1855808985229674
1.4181812577065347	4.540924883119708	-3.1515101276679287
1.4348461373505599	4.523831068981654	-3.0275064906806004
1.4515110169945844	2.012133393064221	-2.9946334593059842
1.4681758966386098	1.9062336703881677	-2.961267127660606
1.4848407762826352	0.9179115638670826	-2.9292625952313105
1.5015056559266597	1.1582710696943688	-2.9068596980098507
1.5181705355706852	0.9872696737209853	-2.8706787619843004
1.5348354152147106	0.692658448243179	-2.901248170518811
1.551500294858736	1.7319076571123395	-2.8772901509539617
1.5681651745027614	1.970323006665859	-2.8442374750372448
1.584830054146786	2.126735103362422	-2.809892137297515
1.6014949337908113	2.048907493778357	-2.7752298934161423
1.6181598134348358	2.0393511910686395	-2.7397905978132755
1.6348246930788612	4.724875138557811	-2.704713984569326
1.6514895727228867	4.654579333781259	-2.670063449078333
1.6681544523669112	1.8456831586212785	-2.547153338259411
1.6848193320109366	0.11851646162399262	-2.514524950936214
1.7014842116549609	0.23999582131396502	-2.4825868409140397
1.718149091298986	2.066810892165428	-2.471097768589812
1.7348139709430115	2.158386149700571	-2.441495446577104
1.751478850587036	2.1029771868937277	-2.409774599933646
1.7681437302310614	2.019751521522703	-2.409903040389852
1.7848086098750868	1.968177539559656	-2.3777141499368764
1.8031399774835142	4.305184923704335	-2.3439895849987753
1.8198048571275396	4.584336356438585	-2.2196691146230103
1.836469736771564	2.2192865707345693	-2.181738076592068
1.8531346164155904	2.034986667865895	-2.1437233057747473
1.869799496059615	2.005122812360876	-2.111890463392884
1.8864643757036401	2.0836130056500357	-2.0749997342820947
1.9031292553476655	1.7979941692393144	-2.040644808694501
1.91979413499169	0.24320664430768038	-2.0077658509445113
1.9364590146357155	0.6063359831367757	-2.0500453966693257
1.95312389427974	2.2370326903554982	-2.011343598511302
1.9697887739237654	2.23664260716017	-1.975297452114047
1.9864536535677908	2.217253049591558	-1.9367069146223646
2.0031185332118153	2.214327526614879	-1.900323240023381
2.0197834128558405	2.2349980868522974	-1.8628826466094273
2.0364482924998653	2.221790824083353	-1.8257008473355745
2.0531131721438904	2.286001071178775	-1.7878347220248934
2.069778051787916	2.2270610381941616	-1.749035756652824
2.0864429314319404	2.192014145954819	-1.7127221813235858
2.103107811075967	2.207839336964819	-1.676236533985648
2.119772690719991	2.2664075357383	-1.6386764647066743
2.136437570364017	2.2929542033738617	-1.6011343874236434
2.153102450008042	2.2196478377572926	-1.563088144182557
2.1697673296520668	3.8906422753582235	-1.5259005109197092
2.186432209296092	2.267148785948577	-1.4207624434678356
2.2030970889401162	0.5980214750144669	-1.4503369876138494
2.219761968584142	2.2398895430039856	-1.4127276402163398
2.236426848228167	2.1828162700450977	-1.3750994747592635
2.253091727872192	2.2538341499410235	-1.340359545824466
2.269756607516217	2.31735831147331	-1.3003833282012751
2.2864214871602417	2.2311982418593934	-1.2630239813673336
2.303086366804267	2.248726087832441	-1.2263528831092243
2.319751246448292	2.260228064947046	-1.187935206503326
2.3364161260923164	2.2484343884371794	-1.1491512800437196
2.353081005736343	2.232386332387148	-1.1115519329849075
2.3697458853803672	2.2284956849383692	-1.0749825364615013
2.386410765024393	2.2742916490875777	-1.036390952097225
2.403075644668418	2.2568115427584696	-0.9972295773069906
2.419740524312443	2.2454679746001354	-0.9609738926384175
2.436405403956468	2.2832148274557538	-0.9219896675767076
2.4530702836004927	2.258702317313474	-0.8833875500277211
2.469735163244518	2.2570275967349147	-0.8476158149906299
2.4864000428885435	2.2422242052183488	-0.8083766869430109
2.503064922532568	2.2208595153602158	-0.7709715317533563
2.519729802176593	2.2749154232532764	-0.734269772903553
2.536394681820618	2.2415826025941326	-0.6948847779763732
2.553059561464643	2.213460275387229	-0.6563072307527129
2.5697244411086686	2.2730319687147253	-0.6209730068097601
2.586389320752694	2.3228600175182326	-0.5817254013884243
2.6030542003967194	2.2995522544949503	-0.5424157262157019
2.6197190800407437	2.277495248704193	-0.507225016946288
2.6363839596847694	2.2895514867740525	-0.46808462645708193
2.6530488393287945	2.3118753718027003	-0.42973475812991957
2.6697137189728193	2.4145424235721213	-0.3932516801215842
2.6863785986168445	2.4195468106966924	-0.35245495078595646
2.703043478260869	2.275736043300389	-0.3131134746687172
2.7197083579048944	2.272577028369686	-0.2747070725866676
2.73637323754892	2.326915140852946	-0.23907156358593795
2.7530381171929443	2.2793185941932617	-0.20037109841172107
2.76970299683697	2.2735969190881784	-0.1616415802926472
2.7863678764809943	2.32097159226688	-0.12593757938234607
2.8030327561250195	2.282345412194901	-0.08675076429202022
2.819697635769045	2.2239975010934696	-0.04736942620225193
2.8363625154130703	2.1835378857550154	-0.010090713764821402
2.853027395057096	2.282352429891698	0.026356887898421277
2.8696922747011198	2.351221915522057	0.13110649279409525
2.8863571543451454	2.2795877651170087	0.10490685719761039
2.9030220339891706	2.279261969040743	0.14290321534687855
2.9196869136331953	2.2506816125645077	0.18141845152329505
2.9363517932772205	2.2258800042967337	0.2200602108014147
2.9530166729212453	2.24475682817443	0.257420285138358
2.9696815525652704	4.332874188849069	0.29584433430212176
2.986346432209296	4.2395260786053655	0.3343200044645185
3.0030113118533204	2.2042853478598916	0.37186124376488916
3.019676191497346	2.3034467396980203	0.41165243880076563
3.0363410711413703	2.151574908262297	0.44971043823609325
3.053005950785396	2.1873365664608038	0.48560158756764693
3.069670830429421	2.2535885304144427	0.5881538504335291
3.0863357100734463	2.1506440242616645	0.6272140161540101
3.103000589717472	2.0664194069998443	0.6627501736508563
3.1196654693614962	1.885121766900748	0.7009503002959692
3.136330349005522	0.49129145144884256	0.7359936969430807
3.152995228649547	0.6146546151208448	0.7668869640683003
3.169660108293572	2.1741395697665755	0.7397955569817141
3.186324987937597	2.340845576107895	0.7739840085481049
3.2029898675816217	4.703477554390504	0.8122202183615288
3.219654747225647	4.698419695749458	0.8494131578358601
3.2363196268696726	2.187794368812292	0.8867747933419992
3.2546509944780997	2.007501301864348	0.9261589751839896
3.271315874122125	1.2174828197320904	0.9621568071438
3.2879807537661496	1.2647245036744876	1.0000405535889731
3.304645633410175	1.4145218183306103	1.1250951165996081
3.3213105130542004	3.4572573152501467	1.1617797203203004
3.3379753926982247	4.250433526240595	1.174389650311876
3.3546402723422504	2.3284306883387673	1.2068286932180854
3.3713051519862747	1.0397920158125225	1.1928139077804154
3.3879700316303003	0.9626173093778131	1.2281866073829795
3.4046349112743264	1.867587011911249	1.2678535249523426
3.421299790918351	1.856392460892098	1.3064391364138341
3.4379646705623763	2.1583821595452757	1.3448202697827885
3.454629550206401	2.1348817572162644	1.3834040614413716
3.4712944298504262	2.1896730616189495	1.42083316545106
3.4879593094944514	2.3068481619023538	1.4576516473746821
3.504624189138476	2.2357163496616703	1.4943409207228413
3.5212890687825014	4.207621927002068	1.532265050749107
3.537953948426526	3.3562963884421704	1.6591057773130453
3.5546188280705513	1.2174793760056697	1.6790575436649844
3.571283707714577	2.269203632618301	1.712142645434862
3.5879485873586012	1.6480824915190753	1.7167037813847417
3.6046134670026264	1.1263496861830562	1.7534129349026317
3.6212783466466507	2.91114158885042	1.7782938239181076
3.6379432262906763	2.9150533682482247	1.8125179890797574
3.6546081059347024	0.9922874289594094	1.851731030531428
3.671272985578727	1.311208493239498	1.9624205595326663
3.6879378652227524	2.325476135432598	1.972937885966064
3.704602744866777	2.4337955998133913	1.987339143794725
3.7212676245108023	3.316572057993403	2.044942030002093
3.737932504154828	3.3702349753157854	2.084812843020303
3.754597383798852	2.287198041822229	2.1258676617365895
3.7712622634428774	2.0774264567392433	2.1622219363947233
3.787927143086902	1.8526670413931876	2.19787737915824
3.8045920227309273	1.9894575016906595	2.224198512323052
3.821256902374953	2.340117512717975	2.2548359029402176
3.8379217820189773	2.279811398480567	2.286354721589956
3.854586661663003	2.250570466000404	2.323057226646905
3.871251541307027	4.0944268739914484	2.3536053090435454
3.8879164209510537	4.079654687454698	2.376713747829002
3.904581300595079	2.325552270794598	2.416237562292575
3.9212461802391037	2.2592517775441463	2.459560085632014
3.937911059883129	2.185877328071006	2.522862786989031
3.9545759395271536	1.9658039874141962	2.58500093931874
3.9712408191711788	0.9067293686507399	2.629460784658982
3.9879056988152044	1.0665598648238501	2.6697408687208375
4.004570578459229	2.012089995916112	2.6810819856979426
4.021235458103254	2.1835874119817174	2.718235562497795
4.037900337747279	2.255811436423014	2.76301785772242
4.054565217391304	2.130707865209233	2.8212276465474604
4.071230097035329	2.4835602663256284	2.862817775615034
4.087894976679354	2.493296824589376	2.8822973925888418
4.1045598563233785	2.0964389821160903	2.9191785004166535
4.121224735967404	1.9689379896463255	2.9415221297731593
4.13788961561143	2.0902473817328984	2.959155113178002
4.154554495255455	2.339793970504894	2.997090255324209
4.171219374899479	3.3172443638506577	3.0366248362120567
4.187884254543506	3.2529530087767364	3.0732098022941736
4.20454913418753	1.265648218235584	3.1076128360612847
4.221214013831555	1.248241812240337	3.146881965584675
4.23787889347558	2.2004421028226018	3.1815171617951004
4.254543773119606	2.2872032553192985	3.2184070339544304
4.27120865276363	2.309236040897331	3.255916095300976
4.287873532407655	2.1855608956295405	3.2919181571222085
4.30453841205168	3.9628263603546463	3.3290657136166546
4.321203291695706	3.815749730434135	3.432737225779907
4.33786817133973	1.9441597485251647	3.4668014783476577
4.354533050983756	2.1593137701236644	3.4944834612656477
4.37119793062778	1.8234477288089979	3.537730117978282
4.387862810271806	1.0065642818698515	3.5725561087089863
4.404527689915832	1.330273247043716	3.583807535617633
4.421192569559857	2.2000972120030102	3.614369566240323
4.437857449203881	3.9814203341883503	3.6331276606592757
4.454522328847905	3.863868212362246	3.7361666185395483
4.471187208491932	2.076925799475089	3.7705820679754973
4.4878520881359565	2.146282134232155	3.796277576852929
4.504516967779981	2.267485601695687	3.8154163747815266
4.521181847424006	1.0227834310680097	3.872420655281469
4.537846727068032	0.9527178996085359	3.8689528936433257
4.554511606712056	2.2180068616020066	3.9000322440121797
4.571176486356082	2.1693479634951998	3.9365518864101725
4.587841366000106	2.1458181565569476	3.9716530946756157
4.604506245644132	2.1953726900488952	4.006685743909833
4.621171125288157	2.125342817677208	4.044875834585
4.637836004932183	3.8465904895852994	4.151275477015944
4.6545008845762075	3.3263290298467485	4.171414926911768
4.671165764220232	1.4848354058681128	4.209015744278143
4.68949713182866	2.05238825605569	4.236452102478929
4.706162011472685	1.554123197359141	4.26082954774382
4.722826891116711	1.4662482425749943	4.298594166267313
4.739491770760735	2.0938364607779656	4.33348505271207
4.75615665040476	2.18933487685668	4.3721318129154225
4.772821530048785	2.3491689016871145	4.389668831831579
4.7894864096928105	2.425264564789066	4.446008774664851
4.806151289336834	4.058170528835827	4.495496554647745
4.822816168980861	4.009180241563392	4.526013855296509
4.8394810486248865	2.30758380140799	4.558449694760033
4.856145928268911	1.7420702873902634	4.5999327551475355
4.872810807912936		4.622773943799072
