mass_A
t	x
0.0	-0.09888153883252793
0.016666666666666514	-0.09597045930995085
0.033333333333333486	-0.09321074482074332
0.050000000000000454	-0.09039116006671077
0.06666666666666697	-0.08699443882848501
0.08333333333333348	-0.08253977730844109
0.1	-0.07902472383635983
0.11666666666666697	-0.07368130496144043
0.1333333333333335	-0.06893206412362485
0.15	-0.06316623920230413
0.16666666666666696	-0.05759746216064188
0.1833333333333335	-0.050535156769188516
0.20000000000000046	-0.043329494395087376
0.21666666666666698	-0.038480727485208144
0.23333333333333348	-0.03329393950296611
0.25	-0.02807033570241857
0.2666666666666665	-0.023480155473227238
0.28333333333333394	-0.01970531908099593
0.30000000000000043	-0.018440407011963034
0.316666666666667	-0.010380826118612685
0.3333333333333335	-0.003654841009584908
0.35	0.023547458790535325
0.366666666666667	0.03382936887513921
0.38333333333333347	0.04070797690303252
0.4	0.04873986677433817
0.41666666666666696	0.058320096140306754
0.43333333333333346	0.0685873216243873
0.45000000000000046	0.07705604401943011
0.46666666666666695	0.08673907262865299
0.48500000000000043	0.09521946536247605
0.5016666666666669	0.1037972334643813
0.5183333333333335	0.11280246851916642
0.5350000000000005	0.1226543284964694
0.551666666666667	0.13246666865915868
0.5683333333333335	0.14299243314571397
0.585	0.15551170980838336
0.601666666666667	0.16453170165639563
0.618333333333334	0.1750809952415675
0.6350000000000005	0.18461273008655943
0.651666666666667	0.19666198628099418
0.6683333333333334	0.2096012604767965
0.685	0.21829202152802285
0.701666666666667	0.22902145979356026
0.7183333333333335	0.23636479434917046
0.7350000000000004	0.24847483851360597
0.7516666666666669	0.2550097359806154
0.7683333333333335	0.26847392661346303
0.7850000000000005	0.28455101438891406
0.801666666666667	0.2982508712434875
0.8183333333333335	0.3180460782166119
0.835	0.3262907733578926
0.851666666666667	0.3360045348373284
0.868333333333334	0.3483153584195582
0.885	0.3641315154421163
0.9016666666666665	0.3765301955455951
0.9183333333333339	0.3879176282982375
0.9350000000000005	0.40017497445337535
0.9516666666666674	0.4119717584707838
0.9683333333333339	0.4231267082828487
0.985	0.43354967283290957
1.001666666666667	0.445072654781445
1.018333333333334	0.4561608969484472
1.035	0.46621141838372515
1.051666666666667	0.4758689480557272
1.0683333333333331	0.4876014381083349
1.085	0.5074742589885539
1.101666666666667	0.5252196397235369
1.118333333333333	0.5417104089370925
1.135	0.5558086121521733
1.151666666666666	0.5708872868107775
1.168333333333334	0.5863936013729252
1.185000000000001	0.6015887850184762
1.2016666666666669	0.6158187327715468
1.218333333333334	0.6300617433792084
1.235	0.6440636163822695
1.251666666666667	0.6571147274746232
1.268333333333334	0.6705378248999552
1.285	0.685304848792325
1.301666666666667	0.6988293592981487
1.3183333333333331	0.712348803541446
1.335	0.7260960515944035
1.351666666666667	0.7403681717663284
1.368333333333333	0.7544015742140358
1.385	0.7663750927716004
1.401666666666667	0.7803331225851411
1.418333333333334	0.7952799529250634
1.435000000000001	0.8116638604283903
1.4516666666666669	0.8268189974098972
1.468333333333334	0.8418205890168735
1.485	0.8543605365881202
1.501666666666667	0.8695364388429754
1.518333333333334	0.8851221713128365
1.535	0.8994688862718598
1.551666666666667	0.9158738777276525
1.5683333333333331	0.9301152906641512
1.585	0.944377679154939
1.601666666666667	0.9598092078657265
1.618333333333333	0.9743960961566192
1.635	0.9894213587517182
1.651666666666667	1.0048747788383365
1.668333333333334	1.0198977463046202
1.685000000000001	1.0347452318183898
1.7016666666666669	1.048803291558794
1.718333333333334	1.0633271801957154
1.735	1.0788662705628562
1.751666666666667	1.094335893190172
1.768333333333334	1.1099775790574204
1.785	1.1233243496468925
1.801666666666667	1.138028684730736
1.8183333333333331	1.1530789101166405
1.835	1.1676866373588322
1.851666666666667	1.1826060295136793
1.868333333333333	1.1973486751334335
1.885	1.211650136690197
1.901666666666667	1.2258530616560512
1.918333333333334	1.2422439135726306
1.936666666666667	1.2571760807618646
1.953333333333333	1.2748087572976572
1.9700000000000009	1.2896710075077817
1.986666666666667	1.3072613441422387
2.003333333333334	1.3216375331082895
2.020000000000001	1.336978876533348
2.036666666666667	1.3514817140583517
2.053333333333334	1.3661679749380737
2.07	1.381106146465418
2.086666666666667	1.397225122472559
2.103333333333334	1.4142478179700277
2.12	1.4312422419842292
2.136666666666667	1.445681345504798
2.153333333333333	1.4594666425616136
2.17	1.4748833947999311
2.186666666666667	1.4899314791807527
2.203333333333333	1.5055098383338676
2.220000000000001	1.5210748435513204
2.236666666666667	1.5374763256577384
2.253333333333334	1.551647912805156
2.270000000000001	1.5684392246404286
2.286666666666667	1.5841552326368409
2.303333333333334	1.5989754401975254
2.32	1.6145024460792095
2.336666666666667	1.630113234874932
2.353333333333334	1.6458928265864117
2.37	1.6617210601349202
2.386666666666667	1.6763824751249947
2.403333333333333	1.69108695592175
2.42	1.7062419027921738
2.436666666666667	1.7222626893313868
2.453333333333333	1.737680216563525
2.470000000000001	1.7533422582249916
2.486666666666667	1.7685186470664473
2.503333333333334	1.7836499618288584
2.520000000000001	1.7977685114533624
2.536666666666667	1.8143631555363986
2.553333333333334	1.8298061204373814
2.57	1.8455524057875285
2.586666666666667	1.8618674814694227
2.603333333333334	1.8768627489770942
2.62	1.8913533074827313
2.636666666666667	1.9066380709472548
2.653333333333333	1.9218978876859816
2.67	1.936091303630238
2.686666666666667	1.952590431066286
2.703333333333334	1.9686237928456403
2.720000000000001	1.9843284910678318
2.736666666666667	2.000453173763568
2.753333333333334	2.014448266996084
2.770000000000001	2.0287957719994987
2.786666666666667	2.043439670753456
2.803333333333334	2.060240334739001
2.82	2.0754434384599127
2.836666666666667	2.090723026332871
2.853333333333334	2.1057705260131465
2.87	2.120146167589806
2.886666666666667	2.135423576858274
2.903333333333333	2.151035547587184
2.92	2.166407445153954
2.936666666666667	2.1817899917187713
2.953333333333334	2.1979103917186564
2.970000000000001	2.213821169507918
2.986666666666667	2.227591170537304
3.003333333333334	2.242161462820863
3.020000000000001	2.257612934794136
3.036666666666667	2.273336189634777
3.053333333333334	2.288990268487198
3.07	2.304281596674339
3.086666666666667	2.318066269195288
3.103333333333334	2.3316398528156785
3.12	2.347137802951074
3.136666666666667	2.3630808725939736
3.153333333333333	2.378495875757296
3.17	2.3947216187411566
3.186666666666667	2.4112601037871744
3.203333333333334	2.4241408220618155
3.220000000000001	2.4381420385792985
3.236666666666667	2.4544668070924605
3.253333333333334	2.470238803361153
3.270000000000001	2.485470220230415
3.286666666666667	2.5019909605435955
3.303333333333334	2.516937487143847
3.32	2.5309418481518238
3.336666666666667	2.545844823156841
3.353333333333334	2.5611879234891735
3.371666666666667	2.5770420890449843
3.388333333333334	2.5930710779941615
3.405	2.608765258790311
3.421666666666667	2.6248016464773105
3.438333333333334	2.638273458342798
3.455	2.6528731965097907
3.471666666666667	2.6679783446614693
3.488333333333333	2.6837583903407665
3.505	2.699383011255299
3.521666666666668	2.716194802951077
3.538333333333334	2.7308928558833965
3.555000000000001	2.745325230463207
3.5716666666666668	2.7602309190079315
3.588333333333334	2.775751788115106
3.605000000000001	2.7909324306404013
3.621666666666667	2.8072305393104826
3.638333333333334	2.823598930480545
3.655	2.838601563499144
3.671666666666667	2.852114086218684
3.688333333333334	2.8678861786555574
3.705	2.8832193615498523
3.721666666666667	2.899510297533471
3.738333333333333	2.9156520306858584
3.755	2.9317457339717707
3.771666666666668	2.947204376948918
3.788333333333334	2.9643319853213375
3.805000000000001	2.97906273323175
3.8216666666666668	2.994401440467778
3.838333333333334	3.010407209655888
3.855000000000001	3.0250163720709287
3.871666666666667	3.0425824726462647
3.888333333333334	3.0578465901826215
3.905	3.0756140206410834
3.921666666666667	3.0919108645318483
3.938333333333334	3.1087733249514473
3.955	3.1248731950251942
3.971666666666667	3.140711563375506
3.988333333333333	3.1555461180685587
4.005000000000001	3.170994555369271
4.021666666666668	3.1868093420549117
4.038333333333334	3.202926726209915
4.055000000000001	3.2202172501725155
4.071666666666667	3.2355890080688985
4.088333333333334	3.2521457404034173
4.105000000000001	3.268080454007529
4.121666666666667	3.2847726606257535
4.138333333333334	3.3012840020142553
4.155	3.3169517024992077
4.171666666666667	3.3314944088665612
4.188333333333334	3.3466098855481263
4.205	3.3640170588968523
4.221666666666667	3.3810265274665694
4.238333333333333	3.3961619397762766
4.255000000000001	3.4123105665621045
4.271666666666668	3.4296513794625714
4.288333333333334	3.4482376088879496
4.305000000000001	3.4628306905792767
4.321666666666667	3.4800227216825954
4.338333333333334	3.4947198007298192
4.355000000000001	3.5100307556558183
4.371666666666667	3.5262260945091333
4.388333333333334	3.543473010585128
4.405	3.5592317303090484
4.421666666666667	3.5760972071519577
4.438333333333334	3.5927194673075125
4.455	3.6090730866313594
4.471666666666667	3.625166832848419
4.488333333333333	3.641565238707206
4.505000000000001	3.6600889143129915
4.521666666666668	3.675625977909476
4.538333333333334	3.690640264748942
4.555000000000001	3.7063294371942677
4.571666666666667	3.7228894676074473
4.588333333333334	3.739643037196637
4.605000000000001	3.756073707082126
4.621666666666667	3.772670375621032
4.638333333333334	3.78970127520265
4.655	3.8056466373894065
4.671666666666667	3.8227956578808344
4.688333333333334	3.8409739610911817
4.705	3.85664533159943
4.721666666666667	3.8738095531629453
4.738333333333334	3.8909298897156948
4.755000000000001	3.9075688507791932
4.771666666666668	3.923140591709709
4.788333333333334	3.9396351800102947
4.806666666666667	3.9546927627398807
4.823333333333334	3.971685562270915
4.840000000000001	3.987963848743542
4.856666666666668	4.004424195184783
4.873333333333334	4.021102026732013
4.89	4.037859274923548
4.906666666666667	4.054756808038791
4.923333333333333	4.072143216735976
4.940000000000001	4.0879053727487475
4.956666666666668	4.106005507910915
4.973333333333334	4.121744251337812
4.990000000000001	4.137947498544659
5.006666666666667	4.152934073386788
5.023333333333335	4.169094889870885
5.04	4.18500249832792
5.0566666666666675	4.201807443829441
5.073333333333334	4.2183019395000745
5.09	4.235389506080894
5.1066666666666665	4.2518496884681936
5.123333333333334	4.269793468982117
5.14	4.285477054073587
5.156666666666668	4.302170422978624
5.173333333333332	4.319393018064335
5.19	4.337766934676697
5.206666666666668	4.3547209082408305
5.223333333333334	4.371916486976571
5.240000000000002	4.389743683002241
5.256666666666666	4.406185411998612
5.273333333333334	4.42105016435435
5.29	4.436635900602708
5.3066666666666675	4.45283941487434
5.323333333333334	4.4694765399903496
5.34	4.485115973068665
5.3566666666666665	4.502678528920595
5.373333333333334	4.517780400317983
5.39	4.5349240000134605
5.406666666666668	4.552484614146768
5.423333333333332	4.569332860879469
5.44	4.586584502676732
5.456666666666668	4.603212064775022
5.473333333333334	4.621469813414449
5.490000000000002	4.637605079317103
5.506666666666666	4.652059560228923
5.523333333333334	4.66729091643269
5.54	4.683434634396865
5.5566666666666675	4.6996660435177215
5.573333333333334	4.715991708552664
5.59	4.732339185534263
5.6066666666666665	4.749156360502503
5.623333333333334	4.766556457635987
5.64	4.783024931104002
5.656666666666668	4.8001277884808635
5.673333333333334	4.81695432780429
5.69	4.83455187647817
5.706666666666668	4.8479673575099955
5.723333333333334	4.863946973464256
5.740000000000002	4.880594686071705
5.756666666666666	4.8955536725593545
5.773333333333334	4.912560154780424
5.79	4.9287106474191384
5.8066666666666675	4.945665026365433
5.823333333333334	4.962605276913867
5.84	4.979690701899189
5.8566666666666665	4.996667421363378
5.873333333333334	5.013777559674656
5.89	5.030674445331624
5.906666666666668	5.048773485421146
5.923333333333334	5.065266917511079
5.94	5.07965580654141
5.956666666666668	5.095460473674626
5.973333333333334	5.1118256859982285
5.990000000000002	5.128132658523616
6.006666666666666	5.1446916176850594
6.023333333333334	5.161514024735213
6.04	5.1781549196857695
6.0566666666666675	5.19514142637602
6.073333333333334	5.211615245508691
6.09	5.228721607242768
6.1066666666666665	5.245792570250168
6.123333333333334	5.263114039982553
6.14	5.280280748948731
6.156666666666668	5.297674264625447
6.173333333333334	5.31202610858226
6.19	5.327540899123111
6.208333333333334	5.343964892724313
6.225	5.360311009656674
6.241666666666668	5.376789636730523
6.258333333333334	5.393183059334447
6.275000000000002	5.40991550047672
6.291666666666668	5.426804676773775
6.308333333333334	5.444086364125308
6.325	5.460455853477453
6.341666666666668	5.477335250281952
6.358333333333334	5.494271326968161
6.375000000000002	5.511592630234475
6.391666666666666	5.526697438075833
6.408333333333334	5.541911626196984
6.425	5.5580307969791285
6.441666666666668	5.574177257132607
6.458333333333334	5.59046198805844
6.475	5.607368281270699
6.491666666666668	5.623855487010896
6.508333333333334	5.640703318753016
6.525000000000002	5.657722846166794
6.541666666666668	5.674603920457453
6.558333333333334	5.691309565877596
6.575	5.708142692056818
6.591666666666668	5.7251297132543035
6.608333333333334	5.739940201856472
6.625000000000002	5.755566657488743
6.641666666666666	5.772233437412893
6.658333333333334	5.788461684542515
6.675	5.805058699371008
6.691666666666668	5.821549514749115
6.708333333333334	5.83844356179534
6.725	5.855394949522165
6.741666666666668	5.872301707102771
6.758333333333334	5.888834042821525
6.775000000000002	5.905919079247414
6.791666666666668	5.922891292960211
6.808333333333334	5.939901470956403
6.825	5.9569455433525365
6.841666666666668	5.972013409407075
6.858333333333334	5.987636918118339
6.875000000000002	6.003672772201133
6.891666666666666	6.020078249448948
6.908333333333334	6.037324986837626
6.925	6.053901598893355
6.941666666666668	6.07063215951298
6.958333333333334	6.087661359976122
6.975	6.104732002155196
6.991666666666668	6.122236290764487
7.008333333333334	6.138646492762994
7.025000000000002	6.1561016252775635
7.041666666666668	6.172553029610974
7.058333333333334	6.190236133226612
7.075	6.206777156814194
7.091666666666668	6.224507224313234
7.108333333333334	6.241935870102937
7.125000000000002	6.257097607103792
7.141666666666666	6.272581931311851
7.158333333333334	6.289003201819166
7.175	6.30566520232971
7.191666666666668	6.323068544662984
7.208333333333334	6.340438586648427
7.225	6.357405183363648
7.241666666666668	6.374156770272809
7.258333333333334	6.390798847759508
7.275000000000002	6.407422066256802
7.291666666666668	6.424317693094013
7.308333333333334	6.441347320186845
7.325	6.457938152208512
7.341666666666668	6.474306519116673
7.358333333333334	6.49279986823176
7.375000000000002	6.509531617189614
7.391666666666666	6.525979454498745
7.408333333333334	6.542003607692381
7.425	6.558961268516707
7.441666666666668	6.57485816041449
7.458333333333334	6.591125485945131
7.475	6.6079902346081765
7.491666666666668	6.625221083871485
7.508333333333334	6.641822962894452
7.525000000000002	6.658077427309461
7.541666666666668	6.675367788551534
7.558333333333334	6.6928627999018655
7.575	6.709760176736833
7.591666666666668	6.710780866177236
7.608333333333334	6.727276880225255
7.625000000000002	6.745116235428233
7.641666666666666	6.7623676231344305
7.658333333333334	6.779474122024251
7.676666666666666	6.796088631601927
7.693333333333334	6.812862719835815
7.71	6.83072225073652
7.7266666666666675	6.848349910462362
7.743333333333334	6.865578715256823
7.76	6.882648108757053
7.776666666666666	6.899659966962772
7.793333333333334	6.916452807996542
7.810000000000001	6.934817843664243
7.826666666666668	6.952553921025428
7.843333333333334	6.969889089609893
7.86	6.9880689331335075
7.876666666666668	7.0054799527147535
7.8933333333333335	7.023261568200652
7.910000000000002	7.04191655216608
7.926666666666666	7.059297194039776
7.943333333333334	7.077387459352033
7.96	7.093790608151937
7.9766666666666675	7.109686072962819
7.993333333333334	7.1256958238210695
8.01	7.142932612877751
8.026666666666666	7.159133546364267
8.043333333333335	7.176336507301547
8.060000000000002	7.193542801723422
8.076666666666668	7.210327993725815
8.093333333333334	7.22769377720346
8.11	7.245233778686404
8.126666666666669	7.2623917913498
8.143333333333334	7.279837192693772
8.160000000000002	7.296264759927877
8.176666666666666	7.315081610496404
8.193333333333333	7.331325174328694
8.21	7.34937044667164
8.226666666666668	7.36695033353899
8.243333333333334	7.384777779001634
8.26	7.402529735170494
8.276666666666667	7.419294677605829
8.293333333333335	7.436837349511031
8.310000000000002	7.454768777831599
8.326666666666668	7.47251236591261
8.343333333333334	7.490251066846096
8.36	7.507910653729797
8.376666666666669	7.525785709976618
8.393333333333334	7.542925060338596
8.410000000000002	7.561121855056128
8.426666666666666	7.578744089037701
8.443333333333333	7.596624587908869
8.46	7.615068603439894
8.476666666666668	7.6325455258323815
8.493333333333334	7.649478440962098
8.51	7.667100833110561
8.526666666666667	7.6853294353678345
8.543333333333335	7.7032292013027694
8.560000000000002	7.721163407272489
8.576666666666668	7.7381941428246686
8.593333333333334	7.756388447162416
8.61	7.77480787106385
8.626666666666669	7.792429998651701
8.643333333333334	7.810460316637287
8.660000000000002	7.82845664466763
8.676666666666666	7.846459794808241
8.693333333333333	7.864713612645935
8.71	7.8817726172053755
8.726666666666668	7.899934081242708
8.743333333333334	7.917724731720175
8.76	7.935520126871661
8.776666666666667	7.952872365397325
8.793333333333335	7.971075331229193
8.810000000000002	7.988551569372793
8.826666666666668	8.005817173016535
8.843333333333334	8.02376399409248
8.86	8.042114556612823
8.876666666666669	8.05926905709127
8.893333333333334	8.077526383725871
8.910000000000002	8.095166993008107
8.926666666666666	8.112860752703519
8.943333333333333	8.130784508453512
8.96	8.148186769724127
8.976666666666668	8.164557433728405
8.993333333333334	8.182650313889223
9.01	8.200667608974214
9.026666666666667	8.217579727760778
9.043333333333335	8.236283001326552
9.060000000000002	8.252411339678506
9.076666666666668	8.271100847072422
9.095000000000002	8.288215746537368
9.111666666666668	8.306650437606738
9.128333333333336	8.324901589754909
9.145	8.342788102261338
9.161666666666667	8.360524480013844
9.178333333333335	8.378135467047752
9.195000000000002	8.396890714975008
9.211666666666668	8.413297382708809
9.228333333333333	8.431720828690892
9.245	8.450258990874765
9.261666666666668	8.467757465300245
9.278333333333334	8.486352581672953
9.295000000000002	8.503558569673803
9.311666666666666	8.521974634045783
9.328333333333333	8.537782077584179
9.345000000000002	8.55639724256956
9.361666666666668	8.572207878925841
9.378333333333336	8.5883662601481
9.395	8.604704850000061
9.411666666666667	8.621408154155372
9.428333333333335	8.638554818364174
9.445000000000002	8.654411189497065
9.461666666666668	8.670496672993615
9.478333333333333	8.687232963439943
9.495	8.705339315914564
9.511666666666668	8.724271893021903
9.528333333333334	8.742952884632409
9.545000000000002	8.760999681508732
9.561666666666666	8.777830958389789
9.578333333333333	8.796072777906776
9.595000000000002	8.81278026105182
9.611666666666668	8.83071276802966
9.628333333333336	8.848404961508649
9.645	8.86713858128794
9.661666666666667	8.884102042570674
9.678333333333335	8.901710842961226
9.695000000000002	8.91991944695964
9.711666666666668	8.937008683638023
9.728333333333333	8.955176817201238
9.745	8.9729357216806
9.761666666666668	8.990542565199227
9.778333333333334	9.008382767764424
9.795000000000002	9.02568358454478
9.811666666666666	9.04379111285575
9.828333333333333	9.060900765659422
9.845000000000002	9.079627801924762
9.861666666666668	9.09786391238599
