mass_A
t	v_{x}
0.0	
0.016666666666666514	0.17012382035353787
0.033333333333333486	0.1673789772971971
0.050000000000000454	0.18648917976774773
0.06666666666666697	0.23554148274809464
0.08333333333333348	0.23909144976375718
0.1	0.2657541704100156
0.11666666666666697	0.30277979138204797
0.1333333333333335	0.3154519727740929
0.15	0.34003805888948796
0.16666666666666696	0.3789324729934685
0.1833333333333335	0.4280390329666337
0.20000000000000046	0.3616328785194068
0.21666666666666698	0.30106664676364003
0.23333333333333348	0.312311753483692
0.25	0.2944135208921716
0.2666666666666665	0.2509504986426739
0.28333333333333394	0.15119245383792176
0.30000000000000043	0.2797347888714999
0.316666666666667	0.4435669800713409
0.3333333333333335	1.0178485472744507
0.35	1.1245262965417144
0.366666666666667	0.5148155433749105
0.38333333333333347	0.4473149369759782
0.4	0.5283635771182321
0.41666666666666696	0.5954236455014775
0.43333333333333346	0.5620784363736941
0.45000000000000046	0.54455253012797
0.46666666666666695	0.5189548955155971
0.48500000000000043	0.4873760238779527
0.5016666666666669	0.5274900947007093
0.5183333333333335	0.5657128509626353
0.5350000000000005	0.5899260041997588
0.551666666666667	0.6101431394773461
0.5683333333333335	0.6913512344767472
0.585	0.6461780553204409
0.601666666666667	0.5870785629955142
0.618333333333334	0.6024308529049048
0.6350000000000005	0.6474297311828022
0.651666666666667	0.7496559117071157
0.6683333333333334	0.6489010574108647
0.685	0.582605979502915
0.701666666666667	0.5421831846344253
0.7183333333333335	0.5836013616013638
0.7350000000000004	0.5593482489433517
0.7516666666666669	0.5999726429957158
0.7683333333333335	0.8862383522489538
0.7850000000000005	0.8933083389007292
0.801666666666667	1.004851914830943
0.8183333333333335	0.8411970634321615
0.835	0.5387536986214893
0.851666666666667	0.6607375518499558
0.868333333333334	0.8438094181436504
0.885	0.846445113781129
0.9016666666666665	0.7135833856836219
0.9183333333333339	0.7093433672333919
0.9350000000000005	0.721623905176385
0.9516666666666674	0.6885520148841971
0.9683333333333339	0.6473374308637894
0.985	0.6583783949578942
1.001666666666667	0.6783367234661168
1.018333333333334	0.6341629080684162
1.035	0.591241533218401
1.051666666666667	0.641700591738293
1.0683333333333331	0.948159327984811
1.085	1.1285460484560426
1.101666666666667	1.0270844984561749
1.118333333333333	0.9176691728590953
1.135	0.8753063362105522
1.151666666666666	0.9175496766225459
1.168333333333334	0.9210449462309183
1.185000000000001	0.8827539419586582
1.2016666666666669	0.854188750821973
1.218333333333334	0.8473465083216806
1.235	0.8115895228624525
1.251666666666667	0.7942262555305624
1.268333333333334	0.8457036395310668
1.285	0.8487460319458114
1.301666666666667	0.8113186424736301
1.3183333333333331	0.8180007688876533
1.335	0.84058104674646
1.351666666666667	0.8491656785889768
1.368333333333333	0.780207630158167
1.385	0.7779464511331435
1.401666666666667	0.8671458046038759
1.418333333333334	0.9399221352974586
1.435000000000001	0.9461713345450206
1.4516666666666669	0.9047018576545043
1.468333333333334	0.8262461753466952
1.485	0.8314754947830651
1.501666666666667	0.9228490417414719
1.518333333333334	0.897973422866546
1.535	0.9225511924444927
1.551666666666667	0.9193921317687412
1.5683333333333331	0.8551140428186024
1.585	0.8908175160472432
1.601666666666667	0.9005525100504109
1.618333333333333	0.8883645265797588
1.635	0.9143604804515002
1.651666666666667	0.9142916265870443
1.668333333333334	0.8961135894015847
1.685000000000001	0.867166357625227
1.7016666666666669	0.8574584513197777
1.718333333333334	0.9018893701218743
1.735	0.930261389833711
1.751666666666667	0.9333392548369079
1.768333333333334	0.8696536937016263
1.785	0.8415331701994793
1.801666666666667	0.8926368140924409
1.8183333333333331	0.8897385788429021
1.835	0.8858135819111557
1.851666666666667	0.889861133238055
1.868333333333333	0.8713232152955478
1.885	0.8551315956785196
1.901666666666667	0.9178133064729864
1.918333333333334	0.894943403023244
1.936666666666667	0.9304241064293592
1.953333333333333	0.9748478023774955
1.9700000000000009	0.9735776053374214
1.986666666666667	0.9589957680152379
2.003333333333334	0.8915259717332603
2.020000000000001	0.8953254285018618
2.036666666666667	0.8756729521417834
2.053333333333334	0.8887329722120164
2.07	0.9317144260345661
2.086666666666667	0.9942501451382593
2.103333333333334	1.0205135853501066
2.12	0.9430058260430992
2.136666666666667	0.8467320173215434
2.153333333333333	0.8760614788540001
2.17	0.9139450985741525
2.186666666666667	0.9187933060181004
2.203333333333333	0.934300931117019
2.220000000000001	0.9589946197161092
2.236666666666667	0.9171920776150922
2.253333333333334	0.9288869694806725
2.270000000000001	0.9752195949505573
2.286666666666667	0.916086466712902
2.303333333333334	0.9104164032710615
2.32	0.9341338403222321
2.336666666666667	0.9417114152160565
2.353333333333334	0.948234757799632
2.37	0.9146894561574976
2.386666666666667	0.8809768736049027
2.403333333333333	0.8957828300153908
2.42	0.9352720022890701
2.436666666666667	0.9431494131405302
2.453333333333333	0.9323870668081125
2.470000000000001	0.9251529150876692
2.486666666666667	0.9092311081160277
2.503333333333334	0.8774959316074418
2.520000000000001	0.9213958112262175
2.536666666666667	0.9611282695205798
2.553333333333334	0.9356775075339018
2.57	0.9618408309612391
2.586666666666667	0.9393102956869368
2.603333333333334	0.8845747803992595
2.62	0.8932596591048103
2.636666666666667	0.9163374060975109
2.653333333333333	0.8835969804895205
2.67	0.9207763014091045
2.686666666666667	0.9759746764620435
2.703333333333334	0.9521418000463553
2.720000000000001	0.954881427537827
2.736666666666667	0.9035932778475986
2.753333333333334	0.8502779470779054
2.770000000000001	0.8697421127211596
2.786666666666667	0.9433368821850718
2.803333333333334	0.9601130311937021
2.82	0.9144807478161359
2.836666666666667	0.9098126265969789
2.853333333333334	0.8826942377080486
2.87	0.8895915253538328
2.886666666666667	0.9266813999213339
2.903333333333333	0.9295160488704367
2.92	0.922633323947593
2.936666666666667	0.9450883969410581
2.953333333333334	0.9609353336743692
2.970000000000001	0.8904233645594537
2.986666666666667	0.8502087993883598
3.003333333333334	0.9006529277049242
3.020000000000001	0.9352418044174097
3.036666666666667	0.941320010791858
3.053333333333334	0.9283622111868667
3.07	0.8722800212427257
3.086666666666667	0.8207476842401749
3.103333333333334	0.8721460126735803
3.12	0.9432305933488664
3.136666666666667	0.9407421841866619
3.153333333333333	0.949222384415515
3.17	0.9829268408963137
3.186666666666667	0.8825760996197551
3.203333333333334	0.8064580437637121
3.220000000000001	0.9097795509193668
3.236666666666667	0.9629029434556526
3.253333333333334	0.9301023941386051
3.270000000000001	0.9525647154732733
3.286666666666667	0.9440180074029714
3.303333333333334	0.8685266282468662
3.32	0.8672200803898278
3.336666666666667	0.9073822601204773
3.353333333333334	0.8913504539469497
3.371666666666667	0.9109472715710749
3.388333333333334	0.951695092359812
3.405	0.9519170544944925
3.421666666666667	0.8852459865745901
3.438333333333334	0.8421465009744058
3.455	0.8911465895601504
3.471666666666667	0.9265558149292835
3.488333333333333	0.9421399978149052
3.505	0.9730923783092776
3.521666666666668	0.945295338842898
3.538333333333334	0.8739128253638976
3.555000000000001	0.8801418937360707
3.5716666666666668	0.9127967295569945
3.588333333333334	0.9210453489740722
3.605000000000001	0.9443625358612968
3.621666666666667	0.9799949952043094
3.638333333333334	0.9411307256598528
3.655	0.8554546721441884
3.671666666666667	0.8785384546923835
3.688333333333334	0.9331582599350497
3.705	0.948723566337413
3.721666666666667	0.9729800740802086
3.738333333333333	0.9670630931490117
3.755	0.9465703878917379
3.771666666666668	0.9775875404869746
3.788333333333334	0.9557506884849567
3.805000000000001	0.9020836543932365
3.8216666666666668	0.9403342927241696
3.838333333333334	0.9184479480944892
3.855000000000001	0.9652578897112909
3.871666666666667	0.984906543350787
3.888333333333334	0.9909464398445768
3.905	1.0219282304768238
3.921666666666667	0.9947791293109081
3.938333333333334	0.9888699148003781
3.955	0.958147152721744
3.971666666666667	0.9201876913009445
3.988333333333333	0.9084897598129569
4.005000000000001	0.9378967195905246
4.021666666666668	0.9579651252193182
4.038333333333334	1.0022372435281341
4.055000000000001	0.9798684557695028
4.071666666666667	0.957854706927046
4.088333333333334	0.9747433781588786
4.105000000000001	0.9788076066700802
4.121666666666667	0.9961064402018276
4.138333333333334	0.9653712562036193
4.155	0.9063122055691947
4.171666666666667	0.8897454914675347
4.188333333333334	0.9756795009087224
4.205	1.0324992575533358
4.221666666666667	0.9643464263827217
4.238333333333333	0.9385211728660222
4.255000000000001	1.0046831905887899
4.271666666666668	1.0778112697753437
4.288333333333334	0.9953793335011878
4.305000000000001	0.9535533838393777
4.321666666666667	0.9566733045162875
4.338333333333334	0.9002410191966548
4.355000000000001	0.9451888133794217
4.371666666666667	1.0032676478793259
4.388333333333334	0.9901690739974712
4.405	0.9787258970049083
4.421666666666667	1.0046321099539093
4.438333333333334	0.9892763843820601
4.455	0.9734209662272113
4.471666666666667	0.9747645622753984
4.488333333333333	1.0476624439371882
4.505000000000001	1.0218221760680806
4.521666666666668	0.9165405130785178
4.538333333333334	0.9211037785437532
4.555000000000001	0.9674760857551481
4.571666666666667	0.999408000071099
4.588333333333334	0.9955271842403306
4.605000000000001	0.9908201527318632
4.621666666666667	1.0088270436157682
4.638333333333334	0.9892878530512357
4.655	0.992831480345507
4.671666666666667	1.0598197110532046
4.688333333333334	1.0154902115578868
4.705	0.9850677621529291
4.721666666666667	1.0285367434879105
4.738333333333334	1.0127789284873956
4.755000000000001	0.9663210598204126
4.771666666666668	0.9619898769330492
4.788333333333334	0.9014906008621199
4.806666666666667	0.9157252074462862
4.823333333333334	0.9981325801098299
4.840000000000001	0.9821589874160023
4.856666666666668	0.9941453396541087
4.873333333333334	1.0030523921630152
4.89	1.0096434392033224
4.906666666666667	1.0285182543728721
4.923333333333333	0.9944569412986796
4.940000000000001	1.015868735248117
4.956666666666668	1.0151663576719887
4.973333333333334	0.9582597190123138
4.990000000000001	0.9356946614692674
5.006666666666667	0.9344217397867344
5.023333333333335	0.962052748233951
5.04	0.9813766187567096
5.0566666666666675	0.9989832351646247
5.073333333333334	1.0074618675436406
5.09	1.006432469043574
5.1066666666666665	1.0321188870366749
5.123333333333334	1.008820968161826
5.14	0.9713086198952113
5.156666666666668	1.0174789197224747
5.173333333333332	1.0678953509422169
5.19	1.0598367052947666
5.206666666666668	1.0244865689962253
5.223333333333334	1.0506832428423019
5.240000000000002	1.0280677506612599
5.256666666666666	0.9391944405633148
5.273333333333334	0.9135146581228452
5.29	0.9536775155997361
5.3066666666666675	0.9852191816292318
5.323333333333334	0.9682967458297773
5.34	0.9960596679073744
5.3566666666666665	0.9799328174795473
5.373333333333334	0.9673641327859713
5.39	1.0411264148634976
5.406666666666668	1.0322658259803013
5.423333333333332	1.0229966558989658
5.44	1.016376116866518
5.456666666666668	1.046559322131547
5.473333333333334	1.031790436262402
5.490000000000002	0.9176924044342426
5.506666666666666	0.8905751134676247
5.523333333333334	0.941252225038201
5.54	0.9712538125509473
5.5566666666666675	0.9767122246739842
5.573333333333334	0.9801942604962754
5.59	0.9949395584952068
5.6066666666666665	1.0265181630517048
5.623333333333334	1.016057118045008
5.64	1.0071399253462578
5.656666666666668	1.0178819010086024
5.673333333333334	1.032722639919207
5.69	0.9303908911711185
5.706666666666668	0.881852909582562
5.723333333333334	0.9788198568512563
5.740000000000002	0.9482009728529777
5.756666666666666	0.9589640612616059
5.773333333333334	0.9947092457934666
5.79	0.9931461475502806
5.8066666666666675	1.016838884841824
5.823333333333334	1.020770266012705
5.84	1.0218643334853517
5.8566666666666665	1.0226057332640117
5.873333333333334	1.0202107190473901
5.89	1.0498777723946775
5.906666666666668	1.037774165383634
5.923333333333334	0.9264696336079724
5.94	0.9058066849063853
5.956666666666668	0.965096383704548
5.973333333333334	0.9801655454696544
5.990000000000002	0.9859779506049507
6.006666666666666	1.0014409863479572
6.023333333333334	1.003899060021302
6.04	1.0088220492242228
6.0566666666666675	1.0038097746876329
6.073333333333334	1.0074054260024856
6.09	1.0253197422443405
6.1066666666666665	1.031772982193511
6.123333333333334	1.0346453609568795
6.14	1.0368067392868008
6.156666666666668	0.9523607890058678
6.173333333333334	0.8959990349299806
6.19	0.9125366897729608
6.208333333333334	0.9362888723875371
6.225	0.9847423201862687
6.241666666666668	0.9861614903331916
6.258333333333334	0.9937759123859058
6.275000000000002	1.008648523179826
6.291666666666668	1.0251259094577017
6.308333333333334	1.0095353011103578
6.325	0.997466584699255
6.341666666666668	1.0144642047212455
6.358333333333334	1.0277213985756875
6.375000000000002	0.9727833332302237
6.391666666666666	0.9095698788753035
6.408333333333334	0.9400007670988462
6.425	0.967968928068703
6.441666666666668	0.972935732379314
6.458333333333334	0.9957307241428356
6.475	1.0018049685736508
6.491666666666668	1.000051124469458
6.508333333333334	1.0160207746769103
6.525000000000002	1.017018051133044
6.541666666666668	1.0076015913240906
6.558333333333334	1.006163147981006
6.575	1.0146044213012162
6.591666666666668	0.9539252939895718
6.608333333333334	0.9131083270331475
6.625000000000002	0.9687970666927316
6.641666666666666	0.9868508116131538
6.658333333333334	0.9847578587433989
6.675	0.9926349061979872
6.691666666666668	1.001545872729912
6.708333333333334	1.0153630431915783
6.725	1.0157443592229403
6.741666666666668	1.003172798980748
6.758333333333334	1.0085211643392646
6.775000000000002	1.0217175041605693
6.791666666666668	1.0194717512697327
6.808333333333334	1.0216275117698121
6.825	0.9633581535201602
6.841666666666668	0.92074124297405
6.858333333333334	0.9497808838217092
6.875000000000002	0.9732399399183612
6.891666666666666	1.0095664390948282
6.908333333333334	1.0147004833322
6.925	0.9992151802606087
6.941666666666668	1.0127928324829423
6.958333333333334	1.0229952792665629
6.975	1.0372479236509282
6.991666666666668	1.01743471823387
7.008333333333334	1.0159600353922542
7.025000000000002	1.017196105439357
7.041666666666668	1.0240352384715186
7.058333333333334	1.0267238160966379
7.075	1.0281327325986234
7.091666666666668	1.0547613986622724
7.108333333333334	0.9777114837167405
7.125000000000002	0.9193818362674955
7.141666666666666	0.9571678414612449
7.158333333333334	0.9924981305357378
7.175	1.0219602853145076
7.191666666666668	1.0432015295614783
7.208333333333334	1.0300991610199688
7.225	1.011545508731456
7.241666666666668	1.001809931875795
7.258333333333334	0.9979588795197779
7.275000000000002	1.0055653600351193
7.291666666666668	1.0177576179013472
7.308333333333334	1.0086137734350362
7.325	0.9887759678947735
7.341666666666668	1.0458514806974228
7.358333333333334	1.056752942188198
7.375000000000002	0.995387588009593
7.391666666666666	0.9741597150830376
7.408333333333334	0.989454420538826
7.425	0.9856365816632012
7.441666666666668	0.9649265228527123
7.458333333333334	0.9939622258106724
7.475	1.0228679377905845
7.491666666666668	1.0149818485882571
7.508333333333334	0.9856903031392799
7.525000000000002	1.0063447697124526
7.541666666666668	1.0435611777721716
7.558333333333334	1.0317716455590142
7.575	0.5375419882611044
7.591666666666668	0.5255011046526478
7.608333333333334	1.0300610775298404
7.625000000000002	1.0527222872753113
7.641666666666666	1.0307365978805634
7.658333333333334	0.9634573847856125
7.676666666666666	0.9539599374732454
7.693333333333334	1.0390085740377861
7.71	1.0646157187964413
7.7266666666666675	1.045693935609047
7.743333333333334	1.028945948840745
7.76	1.0224375511784998
7.776666666666666	1.014140977184648
7.793333333333334	1.0547363010440824
7.810000000000001	1.0830333908665735
7.826666666666668	1.0521373783695316
7.843333333333334	1.0654503632424086
7.86	1.0677258931457871
7.876666666666668	1.0557790520143113
7.8933333333333335	1.093097983539749
7.910000000000002	1.081068775173751
7.926666666666666	1.0641272155786252
7.943333333333334	1.0348024233648287
7.96	0.9689584083235989
7.9766666666666675	0.95715647007393
7.993333333333334	0.9973961974480229
8.01	1.0031316762960176
8.026666666666666	1.0021168327138317
8.043333333333335	1.0322776607744963
8.060000000000002	1.0197445927280575
8.076666666666668	1.0245292644012383
8.093333333333334	1.0471735488177436
8.11	1.0409404243901166
8.126666666666669	1.0381024202209834
8.143333333333334	1.0161890573423176
8.160000000000002	1.0573325340790147
8.176666666666666	1.051812432024602
8.193333333333333	1.0286650852570485
8.21	1.0687547763088312
8.226666666666668	1.0622199698998038
8.243333333333334	1.0673820489451888
8.26	1.0355069581258725
8.276666666666667	1.0292284302160972
8.293333333333335	1.0642230067730265
8.310000000000002	1.0702504920473552
8.326666666666668	1.0644686704349762
8.343333333333334	1.0619486345157152
8.36	1.0660392939155967
8.376666666666669	1.0504321982638876
8.393333333333334	1.0600843523852863
8.410000000000002	1.0745708609731919
8.426666666666666	1.0650819855823208
8.443333333333333	1.0897354320656956
8.46	1.0776281377052859
8.476666666666668	1.0322951256661357
8.493333333333334	1.036659218345456
8.51	1.0755298321720823
8.526666666666667	1.0838510457662067
8.543333333333335	1.0750191571395755
8.560000000000002	1.048948245656979
8.576666666666668	1.0567511966978582
8.593333333333334	1.0984118471755278
8.61	1.0812465446785007
8.626666666666669	1.0695733672030632
8.643333333333334	1.080799380477859
8.660000000000002	1.0799843451286586
8.676666666666666	1.087709039349247
8.693333333333333	1.0593846719139608
8.71	1.056614057903134
8.726666666666668	1.0785634354439695
8.743333333333334	1.0675813688686577
8.76	1.054429010314537
8.776666666666667	1.0666561307259095
8.793333333333335	1.0703761192639731
8.810000000000002	1.042255253620256
8.826666666666668	1.056372741590713
8.843333333333334	1.0889215078887131
8.86	1.0651518899636856
8.876666666666669	1.0623548133913707
8.893333333333334	1.0769380775050592
8.910000000000002	1.0600310693294626
8.926666666666666	1.0685254633622598
8.943333333333333	1.0597805106182443
8.96	1.01318775824677
8.976666666666668	1.0339063249529081
8.993333333333334	1.0833052573743662
9.01	1.0478824161466946
9.026666666666667	1.0684617705700854
9.043333333333335	1.0449483575317815
9.060000000000002	1.044535372376077
9.076666666666668	1.0229830531103081
9.095000000000002	1.0157025866947305
9.111666666666668	1.1005752965262146
9.128333333333336	1.0841299396380872
9.145	1.0686867077680833
9.161666666666667	1.0604209435924161
9.178333333333335	1.0909870488348365
9.195000000000002	1.0548574698316668
9.211666666666668	1.0449034114766356
9.228333333333333	1.1088482449788037
9.245	1.081099098280524
9.261666666666668	1.082807723945612
9.278333333333334	1.0740331312067737
9.295000000000002	1.0686615711849468
9.311666666666666	1.02670523731132
9.328333333333333	1.0326782557131835
9.345000000000002	1.0327740402498178
9.361666666666668	0.959070527356161
9.378333333333336	0.9749091322266518
9.395	0.9912568202182186
9.411666666666667	1.0154990509232678
9.428333333333335	0.9900910602507079
9.445000000000002	0.9582556388832527
9.461666666666668	0.9846532182863861
9.478333333333333	1.0452792876285868
9.495	1.1111678874588147
9.511666666666668	1.128407061535299
9.528333333333334	1.101833654604818
9.545000000000002	1.046342212721424
9.561666666666666	1.0521928919413515
9.578333333333333	1.0484790798608754
9.595000000000002	1.039199703686497
9.611666666666668	1.0687410137048143
9.628333333333336	1.0927743977484565
9.645	1.070912431860779
9.661666666666667	1.0371678501984813
9.678333333333335	1.0745221316688507
9.695000000000002	1.0589352203039175
9.711666666666668	1.0577211072479658
9.728333333333333	1.0778111412772962
9.745	1.060972439939572
9.761666666666668	1.063411382514715
9.778333333333334	1.0542305803665608
9.795000000000002	1.0622503527398734
9.811666666666666	1.056515433439393
9.828333333333333	1.075100672070205
9.845000000000002	1.1088944017970073
9.861666666666668	
