mass_A
t	v_{x}	x
0.0		-5.320157448600984
0.016664879644024935	0.4517548331612292	-5.308522300740571
0.03332975928804987	0.5438963571567548	-5.300601068285114
0.04999463893207526	0.6060055999355194	-5.289357943354843
0.0666595185761002	0.6613030651124455	-5.2793618590996685
0.08332439822012559	0.6472013725364094	-5.266053169501449
0.09998927786415052	0.6829216714103675	-5.258109943452344
0.11665415750817545	0.7901472693014293	-5.2437949363624625
0.1333190371522004	0.7732868312522009	-5.231951277586143
0.14998391679622533	0.7999001458288376	-5.218779823318293
0.16664879644025118	0.8092456833334287	-5.203133601096344
0.18331367608427612	0.8773049159522855	-5.18531099183596
0.19997855572830103	1.0405732546274413	-5.168057013221009
0.216643435372326	1.1078455959823936	-5.154831653058821
0.2333083150163509	0.9368587490790575	-5.135331216171584
0.24997319466037632		-5.1171278472928
0.2999678335924516		-5.093329099382532
0.3166327132364765	1.1761264361478623	-5.0762497854044755
0.33329759288050187	1.2029445380611465	-5.056760155992244
0.34996247252452684	1.1443629640794393	-5.037914362228435
0.3682938401329546	1.14324243663264	-5.016798727481383
0.38495871977697954	1.2355727621351946	-4.997745492918028
0.4016235994210045	1.3346764736534389	-4.976806488452637
0.4182884790650298	1.4168168467496685	-4.949979309950622
0.43495335870905477	1.4533961615203774	-4.823999197214593
0.45161823835307974	1.4891140415019448	-4.811213153945259
0.4682831179971047	1.5078967472714644	-4.800042835348302
0.4849479976411301	1.5376579356074722	-4.863317563824725
0.5016128772851555	1.5458120046204336	-4.838903393112989
0.5182777569291804	1.5613590862434334	-4.812563871185541
0.5349426365732053	1.544369126628602	-4.786569644395184
0.5516075162172303	1.5585423888372323	-4.762506301353232
0.5682723958612552	1.5943748194827074	-4.73920558660873
0.5849372755052806	1.5999311001306016	-4.712941588527475
0.6016021551493055	1.5473764079915469	-4.686988743478063
0.6182670347933309	1.5925538788145743	-4.659056423303997
0.6349319144373559	1.6924218680689995	-4.63059787305069
0.6515967940813808	1.6358378728737126	-4.499373742204721
0.6682616737254061	1.6375090071885714	-4.47529687997568
0.6849265533694311	1.756425986614385	-4.45177024108498
0.7015914330134561	1.7725602915746168	-4.431066313801224
0.718256312657481	1.7036412818750828	-4.438206580435118
0.7349211923015064	1.7352038033904655	-4.427216042031875
0.7515860719455317	1.786525989121363	-4.40019816454177
0.7682509515895563	1.7770759366399134	-4.40371677085492
0.7849158312335812	1.7472771089000274	-4.375920999022515
0.8015807108776071	1.7589428300132406	-4.348304005807577
0.8182455905216319	1.806727777591978	-4.220107735811588
0.8349104701656573	1.8331798522394802	-4.19112919197843
0.8515753498096823	1.824211473214298	-4.161447420129534
0.8682402294537068	1.8209462143517243	-4.140280189869118
0.8849051090977322	1.8470712662524236	-4.1222853655616305
0.9015699887417575	1.859376958398373	-4.094040657153025
0.918234868385782	1.8310737089566622	-4.103605840582423
0.9348997480298075	1.8641428132123161	-4.09394264874167
0.9515646276738319	1.9235553907720688	-4.063619853765571
0.9682295073178573	1.8893669240973663	-4.043752453850319
0.9848943869618827	1.870908732054822	-4.012406288400336
1.0015592666059072	1.9405282828161503	-3.981691441446141
1.0182241462499326	1.992376729593609	-3.949984897475794
1.0348890258939571	1.9247556625187436	-3.9186997234411862
1.0515539055379834	1.8762118112869348	-3.8874719122784915
1.0682187851820089	1.9134755948544824	-3.856224939415301
1.0848836648260334	1.9564360909954703	-3.7161231494747344
1.1015485444700588	1.9213169274499091	-3.696058044269279
1.118213424114083	1.9796753042553525	-3.6684306917873237
1.1348783037581085	2.047242341354033	-3.6385774918177254
1.151543183402134	1.9960136368721229	-3.6146437357759695
1.1682080630461582	1.9984684988489432	-3.6073835896444955
1.1848729426901836	1.9936882336274515	-3.599011180614254
1.2015378223342081	2.0325821773294943	-3.5849259861971516
1.2182027019782335	2.026532851780358	-3.551429798099703
1.234867581622259	1.9890778587794962	-3.5243135074410636
1.2515324612662835	2.0414523356006815	-3.493263176154282
1.268197340910309	2.053394856597715	-3.4556275139373045
1.2848622205543343	1.9951574143162862	-3.423843066819741
1.3015271001983597	1.97423373966061	-3.291366160508836
1.3181919798423851	1.984882518259549	-3.2564190498169774
1.3348568594864096	2.007479308288673	-3.233754296775328
1.351521739130435	2.070460348163864	-3.273013989676427
1.3681866187744596	2.0822365394496765	-3.242028076718747
1.384851498418485	2.0411708466699343	-3.2132653044866575
1.4015163780625104	2.0146875920368426	-3.183286686536967
1.4181812577065347	2.0345724568928567	-3.1518531629369755
1.4348461373505599	2.0967078884232597	-3.11846311954529
1.4515110169945844	2.055977099765849	-3.083452121133168
1.4681758966386098	2.0510848945399993	-2.9598628570135883
1.4848407762826352	2.0956083711305635	-2.9266950778923526
1.5015056559266597	2.071403706561657	-2.893287123536867
1.5181705355706852	2.06646488698918	-2.8639400589359774
1.5348354152147106	2.036805869677902	-2.9016793457001753
1.551500294858736	2.088556268381682	-2.8609048964017183
1.5681651745027614	2.132765960400368	-2.841133016294167
1.584830054146786	2.0831481876715947	-2.8085855234266397
1.6014949337908113	2.084277142327247	-2.775001962359808
1.6181598134348358	2.124692322745394	-2.7404865637935045
1.6348246930788612	2.1276854611662666	-2.7032652385030684
1.6514895727228867	2.0870965928002003	-2.668654926939716
1.6681544523669112	2.065396194325801	-2.634598328050465
1.6848193320109366	2.12341192435708	-2.512554648830736
1.7014842116549609	2.1637012562979594	-2.4797620964535265
1.718149091298986	2.126555357920372	-2.447951742762797
1.7348139709430115	2.168302490376021	-2.4881298244899943
1.751478850587036	2.1401932035103504	-2.4540977044512378
1.7681437302310614	2.0752080828288637	-2.4161014604112894
1.7848086098750868	2.0281970544928285	-2.380775062676441
1.8031399774835142	2.0538142166870097	-2.3455688477464642
1.8198048571275396	2.1446687616922597	-2.3096872388370295
1.836469736771564	2.1795072468914225	-2.274932150865136
1.8531346164155904	2.1863107375090745	-2.1521564408405185
1.869799496059615	2.146055284494018	-2.114506632731385
1.8864643757036401	2.1773031548012365	-2.0778264137244653
1.9031292553476655	2.224782150071829	-2.0461914739239857
1.91979413499169	2.2415834778185917	-2.010559974299966
1.9364590146357155	2.2339004828568405	-1.9765711472082943
1.95312389427974	2.1888135628527454	-2.0140102795779296
1.9697887739237654	2.191533978881012	-1.9806270710030915
1.9864536535677908	2.196163877608764	-1.9420187909429467
2.0031185332118153	2.2069612455783956	-1.9069550431189715
2.0197834128558405	2.2088899329145693	-1.867971734639327
2.0364482924998653	2.2021380335175227	-1.8318827466173913
2.0531131721438904	2.2165523605108706	-1.794313517159079
2.069778051787916	2.215307333338665	-1.7575415773375926
2.0864429314319404	2.204139769974881	-1.7200167431291993
2.103107811075967	2.225405877798683	-1.6817155477026295
2.119772690719991	2.20728017244161	-1.6456798520244442
2.136437570364017	2.1814886108557965	-1.6080686630240209
2.153102450008042	2.2080301005704692	-1.570375767861652
2.1697673296520668	2.209694001134076	-1.5333179266707306
2.186432209296092	2.200290893323891	-1.4955203203294616
2.2030970889401162	2.2067456443975937	-1.4587867407337276
2.219761968584142	2.215359079965024	-1.3525321801445314
2.236426848228167	2.2133254029034655	-1.3824061487242982
2.253091727872192	2.2123678898540535	-1.345854713125469
2.269756607516217	2.216839534056594	-1.3075617514598425
2.2864214871602417	2.206683512186313	-1.272312813825855
2.303086366804267	2.199486024895028	-1.2317791154510802
2.319751246448292	2.2046058774168396	-1.1944550555961904
2.3364161260923164	2.217501573433607	-1.1575415809276635
2.353081005736343	2.2668706732685253	-1.1189313858024859
2.3697458853803672	2.2485178351188067	-1.0798386601950485
2.386410765024393	2.227435484953872	-1.041685090946599
2.403075644668418	2.219176286382841	-1.005750860755537
2.419740524312443	2.211304208122298	-0.9665362624076899
2.436405403956468	2.2089085065465155	-0.9274572131125174
2.4530702836004927	2.207200822529622	-0.8903487033700968
2.469735163244518	2.2364502273428872	-0.8528620748513482
2.4864000428885435	2.2157419035440116	-0.8135509539435963
2.503064922532568	2.2236948461825614	-0.7762532927248218
2.519729802176593	2.238090913072201	-0.7391465576637497
2.536394681820618	2.2260585585780492	-0.7002749504344017
2.553059561464643	2.22135889181929	-0.6631791375208325
2.5697244411086686	2.242160997442572	-0.6258465644092519
2.586389320752694	2.2472403725956607	-0.5866311424987334
2.6030542003967194	2.214716059294074	-0.5518081316301489
2.6197190800407437	2.238362032518596	-0.5123705709376667
2.6363839596847694	2.232094314722956	-0.47284423050722957
2.6530488393287945	2.2282520008350395	-0.4355610161925485
2.6697137189728193	2.2436380174480446	-0.3989904952629262
2.6863785986168445	2.273993640980744	-0.35983116125917647
2.703043478260869	2.2795322588465132	-0.3216627473798157
2.7197083579048944	2.226097395111488	-0.2832606853291679
2.73637323754892	2.1996990535607246	-0.24529377014518605
2.7530381171929443	2.205575626212478	-0.2062277142727158
2.76970299683697	2.2169293523700557	-0.16953574778899583
2.7863678764809943	2.2353608753993006	-0.13195879757409124
2.8030327561250195	2.2645902695894544	-0.09276843365565846
2.819697635769045	2.264777343548442	-0.05617556478781971
2.8363625154130703	2.2177911266744816	-0.017835986370126733
2.853027395057096	2.21780182204427	0.02117987557267398
2.8696922747011198	2.1924990425255575	0.058456332097064134
2.8863571543451454	2.233690379933696	0.09484303500124724
2.9030220339891706	2.3176738767229192	0.13441772641768068
2.9196869136331953	2.26315427351146	0.1725348858328184
2.9363517932772205	2.2346192750364176	0.21012179226371153
2.9530166729212453	2.1978184389226523	0.2485551046809018
2.9696815525652704	2.192672706099442	0.2872729705881074
2.986346432209296	2.2056016215474585	0.32424815098656357
3.0030113118533204	2.256930241743895	0.3621963066972773
3.019676191497346	2.284049098511	0.4016602760506993
3.0363410711413703	2.234443144432484	0.43917685039257126
3.053005950785396	2.2505389791369796	0.4788874029697956
3.069670830429421	2.213571528552399	0.5168198178123831
3.0863357100734463	2.1856830991403653	0.5531832314577629
3.103000589717472	2.2180749945043243	0.6576209543659219
3.1196654693614962	2.249762939877049	0.6958379400959229
3.136330349005522	2.2852119161524165	0.732146436084097
3.152995228649547	2.2681291101302627	0.7698854173414853
3.169660108293572	2.2275142316072203	0.804434880884493
3.186324987937597	2.1915558231860857	0.8377200401400069
3.2029898675816217	2.206924045220375	0.8717112763690071
3.219654747225647	2.2716175199390056	0.8495015397794727
3.2363196268696726	2.1692196666698536	0.8877494827923549
3.2546509944780997	2.165212158453221	0.923347578261259
3.271315874122125	2.2752518169692952	0.9615847328032494
3.2879807537661496	2.2341806333739673	1.0005565206007043
3.304645633410175	2.225924531625128	1.036542735698366
3.3213105130542004	2.222160000712817	1.0744723863652021
3.3379753926982247	2.228614345530117	1.1968807841899256
3.3546402723422504	2.2303094693522647	1.2327013151512203
3.3713051519862747	2.227093810000451	1.2440795945485545
3.3879700316303003	2.275431932205234	1.2293547560982878
3.4046349112743264	2.2481385354230925	1.265192962654452
3.421299790918351	2.2133820951583907	1.302733717146503
3.4379646705623763	2.248171972477594	1.3414967946340655
3.454629550206401	2.2324661480347183	1.3799567081849604
3.4712944298504262	2.2443109111042885	1.4187602877753704
3.4879593094944514	2.2655901232908375	1.4573121293984075
3.504624189138476	2.249105295077643	1.4949755539237124
3.5212890687825014	2.2537748909971067	1.531111754976501
3.537953948426526	2.2378141208647624	1.5687772260617576
3.5546188280705513	2.23616616168854	1.605613352340984
3.571283707714577	2.2374433226679202	1.7281253674682242
3.5879485873586012	2.240205851716953	1.7473992972583323
3.6046134670026264	2.290018614502882	1.7801152228091963
3.6212783466466507	2.253183470127109	1.7869361720607762
3.6379432262906763	2.226887736938579	1.8203321453279147
3.6546081059347024	2.2250483494580218	1.8529245489380672
3.671272985578727	2.2170538350487363	1.880995482581084
3.6879378652227524	2.2770113138117765	1.9187757766700786
3.704602744866777	2.266177095013449	2.031589183812918
3.7212676245108023	2.2563939024502546	1.9996045668717857
3.737932504154828	2.2791984720194094	2.0385140839523332
3.754597383798852	2.2572406415692035	2.0762879524016205
3.7712622634428774	2.2290431687572436	2.1119338193803445
3.787927143086902	2.2111472386295703	2.149119806517727
3.8045920227309273	2.2406870040168805	2.1847370045098122
3.821256902374953	2.2952706022915903	2.221329005299993
3.8379217820189773	2.283974503944693	2.2581661298047964
3.854586661663003	2.25084870179127	2.296956696050457
3.871251541307027	2.2693803401121557	2.3347668586777433
3.8879164209510537	2.2582524880609225	2.3706743687995138
3.904581300595079	2.237805270835355	2.408184524041517
3.9212461802391037	2.2428759342003945	2.4421458004528036
3.937911059883129	2.247780693634722	2.4782278570037066
3.9545759395271536	2.2649726079237658	2.5190806962579524
3.9712408191711788	2.2592220234709797	2.5572625772130317
3.9879056988152044	2.2318357629762904	2.593789609285019
4.004570578459229	2.191811395529389	2.632948870147522
4.021235458103254	2.1977890565230758	2.6716684714548604
4.037900337747279	2.2173178311183044	2.7100414687637917
4.054565217391304	2.238297181738841	2.746591616223223
4.071230097035329	2.2715297316940832	2.784512653839246
4.087894976679354	2.2389413085144954	2.823009070951046
4.1045598563233785	2.228116779299209	2.8597671312521564
4.121224735967404	2.215639679007075	2.897847295352599
4.13788961561143	2.1963090514316237	2.934694403060358
4.154554495255455	2.2181514215853215	2.971762596229829
4.171219374899479	2.249765563762588	3.0104176373403755
4.187884254543506	2.27175875289702	3.0466738490129144
4.20454913418753	2.2259326480365935	3.0841634368152073
4.221214013831555	2.207328888994785	3.1214776188654794
4.23787889347558	2.2086884091663372	3.158034993398709
4.254543773119606	2.2133973315074438	3.1951984968620186
4.27120865276363	2.2227258047836127	3.2315049116094476
4.287873532407655	2.227245256765857	3.270265037029872
4.30453841205168	2.2492754698899544	3.3084575168505763
4.321203291695706	2.2373439266210253	3.346275816085414
4.33786817133973	2.2176015160218663	3.384370202358043
4.354533050983756	2.201703165327168	3.4223808227951933
4.37119793062778	2.227155031013608	3.5454175641495125
4.387862810271806	2.25191722057762	3.5784851149671786
4.404527689915832	2.253833841676012	3.615625518810213
4.421192569559857	2.2615843313216364	3.6493191951915067
4.437857449203881	2.2219110416712353	3.6594398095428256
4.454522328847905	2.2054955514743844	3.692470350383158
4.471187208491932	2.1934731938433503	3.7000139863658505
4.4878520881359565	2.2382276056798793	3.733429713502839
4.504516967779981	2.2714221874563534	3.8406186966500764
4.521181847424006	2.2477802788664136	3.874029591777746
4.537846727068032	2.250107027573898	3.8938781141788708
4.554511606712056	2.217240104758484	3.9455514072793276
4.571176486356082	2.2079727652914296	3.9366393323086806
4.587841366000106	2.211183366598437	3.968927281419316
4.604506245644132	2.2318034540373777	4.005177699910138
4.621171125288157	2.244083565033999	4.039571078322386
4.637836004932183	2.2375913859442598	4.074242001106689
4.6545008845762075	2.269204669022789	4.1119843880989295
4.671165764220232	2.109758880994063	4.215753487806425
4.68949713182866	2.077226172112823	4.240130289337691
4.706162011472685	2.234387121861151	4.2803526251934185
4.722826891116711	2.2674628306944586	4.304385936787122
4.739491770760735	2.2904142945503563	4.329902498819073
4.75615665040476	2.2868320638615667	4.370082281966764
4.772821530048785	2.236795598155261	4.403130864070678
4.7894864096928105	2.1720725951818647	4.4309478025860125
4.806151289336834	2.210587076851779	4.459114457611759
4.822816168980861	2.2446695983716625	4.497315927108228
4.8394810486248865	2.2401693508669336	4.567969860466644
4.856145928268911	2.2749006871957285	4.574170707189585
4.872810807912936		4.609913478960826
		4.648690091921744
		4.684851988810711
