mass_A
t	x	v_{x}
0.0	0.0016345726140746253	
0.0041666666666666284	0.0017078720893517751	0.010329982329836928
0.008333333333333371	0.001720655800156623	0.014006456474185672
0.012500000000000113	0.0018245925599700008	0.022145438028216627
0.016666666666666743	0.0019052011170584415	0.029222928253802846
0.02083333333333337	0.0020681169620850315	0.03388603005545383
0.025	0.0021875847008538674	0.028458242904689093
0.02916666666666663	0.0023052689862907705	0.02713297913845399
0.033333333333333375	0.002413692860340988	0.03379031640770071
0.03750000000000012	0.0025868549563549392	0.03668587620181365
0.04166666666666674	0.002719408495356096	0.036144163140196466
0.04583333333333337	0.002888056315856563	0.04659292677205104
0.05	0.0031076828851231975	0.04865744218666138
0.054166666666666745	0.003293535000745418	0.0403434350337429
0.05833333333333337	0.0034438781770710636	0.046426919616946775
0.0625	0.003680425997553305	0.050645384076298726
0.06666666666666662	0.0038659230443735537	0.055800755649161926
0.07083333333333337	0.0041454322946296585	0.06423182218514993
0.07500000000000011	0.004401188229249814	0.0676958209212735
0.07916666666666675	0.004709564135640276	0.06746997493235152
0.08333333333333337	0.004963438020352734	0.0685790446306337
0.0875	0.0052810561742288875	0.0680600048899088
0.09166666666666663	0.005530604727768618	0.06516463270704138
0.09583333333333337	0.0058240947801208864	0.06053351736603623
0.10000000000000012	0.006035050705818945	0.06669048843169131
0.10416666666666674	0.006379848850385006	0.07799589437047796
0.10833333333333336	0.0066850164922395705	0.07178812847710034
0.1125	0.006978083254360834	0.06841392894326043
0.11666666666666674	0.007255132566766742	0.06328009063256948
0.12083333333333338	0.007505417342965559	0.07187420535669455
0.125	0.007854084278072548	0.0807700016180604
0.12916666666666674	0.008178500689782736	0.07696342223520325
0.13333333333333336	0.008495446130032558	0.08589091783918303
0.13750000000000012	0.008894258338442596	0.0885734733642583
0.14166666666666675	0.009233558408068054	0.08158117202024308
0.14583333333333337	0.009574101438611288	0.08617590855109128
0.15	0.009951690979327132	0.08049096398237635
0.15416666666666662	0.010244859471797763	0.089244119919935
0.15833333333333338	0.01069539197865993	0.09668655784934375
0.16250000000000012	0.011050580787208969	0.09560714285581061
0.16666666666666674	0.011492118169125043	0.10140253510251107
0.17083333333333336	0.011895601913063214	0.09959168089889092
0.175	0.012322048843282446	0.10497118856708909
0.17916666666666675	0.012770361817788956	0.0904090989695632
0.18333333333333338	0.013075458001362145	0.09160184571921634
0.1875	0.013533710532115772	0.10915761610074742
0.19166666666666674	0.01398510480220172	0.11151557018781111
0.19583333333333336	0.014463006950347523	0.11709260957126796
0.20000000000000012	0.01496087654862896	0.12096866340720394
0.20416666666666675	0.015471079145407574	0.12064373819581255
0.20833333333333337	0.015966241033594036	0.11892530312114809
0.2125	0.01646212333808378	0.12362888622902724
0.21666666666666662	0.01699648175216925	0.12093855495915976
0.2208333333333335	0.01746994462941015	0.11850616794908589
0.22500000000000012	0.017984033151744988	0.11573033379748862
0.22916666666666674	0.01843436407772253	0.12754680298836826
0.23333333333333336	0.01904692317664805	0.12666234919253666
0.2375	0.019489883654326995	0.12239754528996495
0.24166666666666675	0.02006690272073111	0.1333783125797445
0.24583333333333338	0.020601369592491536	0.12757227755328987
0.25	0.02113000503367518	0.13060447617986565
0.25416666666666676	0.021689740227323756	0.13063736662708944
0.25833333333333336	0.022218649755567588	0.13505765927308974
0.2625000000000001	0.022815220721266183	0.13889125048401563
0.2666666666666667	0.023376076842934385	0.13743042522197654
0.27083333333333337	0.02396047426478265	0.13687273776199751
0.275	0.024516682990951028	0.14045212830581505
0.2791666666666666	0.025130908667331087	0.13621023076017172
0.2833333333333335	0.025651768247285822	0.13805626586951456
0.2875000000000001	0.026281377549577073	0.15394820328392103
0.29166666666666674	0.026934669941318462	0.07798970021508297
0.2958333333333334	0.02693129171803607	-8.463469774904902E-4
0.3	0.026927617049839397	0.21594463827577506
0.30416666666666675	0.02873083037033422	0.29152526884789914
0.30833333333333335	0.029356994290238553	0.1540193672801296
0.3125000000000001	0.03001432509766863	0.16104434152585
0.31666666666666676	0.030699030469620664	0.17130477125430218
0.32083333333333336	0.031441864858121144	0.1658579189972619
0.3250000000000001	0.03208117979459785	0.14860791182679364
0.3291666666666667	0.032680264123344405	0.15314588655507394
0.33333333333333337	0.03335739551589012	0.1607121185792462
0.3375	0.03401953177817146	0.15743643263599405
0.3416666666666666	0.034669365787856704	0.16566176829795842
0.3458333333333335	0.035400046513987815	0.17981611348125803
0.3500000000000001	0.03616783340020055	0.18271703446962567
0.35416666666666674	0.03692268846790134	0.17175810182946696
0.3583333333333334	0.037599150915446106	0.1741803824536062
0.3625	0.03837419165501471	0.1769316180650045
0.36666666666666675	0.03907358106598782	0.1721899384666303
0.37083333333333335	0.03980910780890329	0.18253131794027835
0.3750000000000001	0.0405946753821568	0.19287741698815308
0.37916666666666676	0.041416419617137934	0.1846553490752702
0.38333333333333336	0.04213346995778405	0.17809289106780726
0.3875000000000001	0.042900527042703	0.17938336400925478
0.3916666666666667	0.04362833132452784	0.18158855615303834
0.39583333333333337	0.04441376501064495	0.18044639097687698
0.4	0.04513205124933514	0.17465520832093778
0.4041666666666666	0.04586922507998609	0.17353974650363005
0.4083333333333335	0.04657821580353208	0.18904890743676692
0.4125000000000001	0.04744463264195917	0.1885570431115349
0.41666666666666674	0.04814952449612819	0.17491160337642106
0.4208333333333334	0.04890222933676269	0.1711320806868185
0.425	0.04957562516851832	0.17916301200888055
0.42916666666666675	0.05039525443683668	0.18762738367038492
0.43333333333333335	0.05113918669910486	0.18683773115487567
0.4375	0.05195223552979397	0.19646230319028327
0.44166666666666665	0.0527763725590239	0.18463670219466216
0.44583333333333325	0.053490874714749476	0.18660386974071438
0.45	0.05433140480686319	0.1896657221570812
0.45416666666666683	0.05507142239939186	0.18735289542461078
0.4583333333333335	0.055892678935401646	0.1928794144327998
0.46250000000000024	0.05667875085299853	0.17779301464671754
0.46666666666666673	0.05737428739079092	0.17742743719696788
0.4708333333333335	0.05815731282963993	0.1854153704317332
0.475	0.05891941547772203	0.18630386025036258
0.47916666666666674	0.059709844998392936	0.18998718303198564
0.4833333333333335	0.060502642002988605	0.1935722658917726
0.4875	0.06132294721415768	0.1820249492807495
0.49166666666666675	0.06201951658032817	0.1699519346263679
0.49583333333333324	0.06273921333604407	0.17868580975717607
0.5	0.06350856499497129	0.18847747987412128
0.5041666666666668	0.06430985900166178	0.19628010107587607
0.5083333333333333	0.06514423250393692	0.19839922138805544
0.5125000000000002	0.06596318584656227	0.19801526090491514
0.5166666666666667	0.06679435967814457	0.19658040168142518
0.5208333333333335	0.06760135586057414	0.189818700502501
0.5250000000000002	0.0683761821823321	0.188416949809071
0.5291666666666668	0.06917149710898304	0.18727749033703667
0.5333333333333334	0.0699368279351407	0.1928244717940907
0.5375	0.07077836770726711	0.19727344155369345
0.5416666666666667	0.07158077328142146	0.1975996896500463
0.5458333333333335	0.0724250317876842	0.1903342733905597
0.55	0.07316689222634279	0.179544297021733
0.5541666666666667	0.07392123426286532	0.19801674653429877
0.5583333333333332	0.07481703178079527	0.19654680247684747
0.5625	0.07555912428350567	0.1853196729371657
0.5666666666666668	0.076361362388605	0.1994754094491801
0.5708333333333333	0.07722141936224883	0.20149140868807655
0.5750000000000002	0.07804045746100566	0.1929911804605415
0.5791666666666667	0.07882967919942005	0.19814892807767762
0.5833333333333335	0.07969169852831967	0.2155012188286675
0.5875000000000002	0.08062552268965897	0.1050346783704286
0.5916666666666668	0.08056698751473987	-0.011942356436530464
0.5958333333333334	0.0805260030526879	0.2807692503215028
0.6	0.08290673126741907	0.3891585972599244
0.6041666666666667	0.08376899136318725	0.2061446585632093
0.6083333333333335	0.0846246034221125	0.21151628650173038
0.6125	0.08553162708403497	0.2042119866082585
0.6166666666666667	0.08632636997718127	0.1930074465741601
0.6208333333333332	0.087140022472153	0.20451541766724332
0.625	0.0880306651244083	0.20246394584631433
0.6291666666666668	0.08882722202087232	0.19487768864429914
0.6333333333333333	0.08965464586311081	0.2057572879421747
0.6375000000000002	0.09054186608705708	0.1985047587009354
0.6416666666666667	0.0913088521856186	0.19631980797245388
0.6458333333333335	0.09217786448682755	0.20251173219927815
0.6500000000000002	0.09299644995394599	0.19335760726191867
0.6541666666666668	0.09378917788067684	0.19992949368346674
0.6583333333333334	0.09466252906797482	0.20572731994697907
0.6625	0.09550357221356834	0.18440300772686402
0.6666666666666667	0.09619922079903201	0.17813820501261343
0.6708333333333335	0.09698805725534013	0.18980527010993728
0.675	0.0977809313832815	0.19917211604103044
0.6791666666666667	0.09864782488901538	0.2073016888474082
0.6833333333333332	0.09950844545700985	0.20624053157374822
0.6875	0.10036649598546324	0.19692431395198454
0.6916666666666668	0.10114948140660976	0.09532176818007333
0.6958333333333333	0.10116084405363054	0.0022947942129464974
0.7000000000000002	0.10116860469171765	0.2901369506912516
0.7041666666666667	0.10357865197605767	0.3939356004820806
0.7083333333333335	0.10445140136240164	0.2118398715378456
0.7125000000000002	0.10534398423887306	0.19527526827784034
0.7166666666666668	0.106078695264717	0.17961678107115636
0.7208333333333334	0.10684079074779937	0.1804307149680834
0.725	0.10758228455611765	0.19061795890602806
0.7291666666666667	0.10842927373868291	0.19968879302598735
0.7333333333333335	0.10924635783133427	0.18738226405816757
0.7375	0.1099907926058343	0.1723425530749285
0.7416666666666667	0.11068254577362532	0.18243093814900768
0.7458333333333332	0.11151105042374268	0.19640275137844102
0.75	0.11231923536844565	0.18551562284921932
0.7541666666666668	0.11305701394748621	0.18581255432620872
0.7583333333333335	0.11386767332116407	0.19958665719325466
0.7625000000000002	0.11472023609076334	0.18726148511469462
0.7666666666666667	0.11542818569711985	0.17676348933600836
0.7708333333333335	0.1161932651685634	0.08816216882385472
0.7750000000000002	0.11616287043731863	-0.006176214087402456
0.7791666666666668	0.11614179671783506	0.28291276469442184
0.7833333333333334	0.1185204768097721	0.38612823442593774
0.7875	0.1193595320047178	0.18712260727577734
0.7916666666666667	0.12007983187040358	0.1653545126773125
0.7958333333333335	0.12073748627702877	0.17260397495754645
0.8	0.12151819832838315	0.1894009048400899
0.8041666666666667	0.1223158271506962	0.1949255124628052
0.8083333333333332	0.12314257759890648	0.19557763328316963
0.8125	0.12394564076138923	0.17868000330330253
0.8166666666666668	0.12463157762643404	0.16917458720981682
0.8208333333333335	0.12535542898813776	0.17743595965352185
0.8250000000000002	0.12611021062354674	0.1837835761200188
0.8291666666666667	0.1268869587891379	0.17970828139411485
0.8333333333333335	0.12760777963516437	0.17415558077650997
0.8375000000000002	0.12833825529560886	0.18202551118531204
0.8416666666666668	0.12912465889504196	0.1842855926209139
0.8458333333333334	0.12987396856744973	0.1735401938688401
0.85	0.13057082717728227	0.16923587614860233
0.8541666666666667	0.1312842675353548	0.18204502875359907
0.8583333333333335	0.13208786908356232	0.18208837596774136
0.8625	0.13280167066841927	0.17450602006223
0.8666666666666667	0.1335420859174142	0.17511301216546785
0.8708333333333332	0.13426094576979816	0.16783076605622027
0.875	0.13494067563454934	0.16476772020227898
0.8791666666666668	0.13563401010481715	0.15969580812139703
0.8833333333333335	0.13627147403556103	0.1604881406260261
0.8875000000000002	0.13697141127670073	0.16752647780113072
0.8916666666666667	0.1376675280172371	0.1679563553389662
0.8958333333333335	0.13837104757119215	0.1625181778571943
0.9000000000000002	0.1390218461660471	0.1536788682653851
0.9041666666666668	0.13965170480673697	0.15310863948314452
0.9083333333333334	0.14029775149507326	0.15948046052585624
0.9125	0.14098070864445242	0.15618609065463054
0.9166666666666667	0.1415993022505285	0.15759561693806534
0.9208333333333335	0.1422940054522697	0.15262755243055026
0.925	0.1428711985207831	0.14712364764694547
0.9291666666666667	0.14352003584932752	0.14297310711537506
0.9333333333333332	0.14406264108007785	0.1397516104937887
0.9375	0.14468463260344241	0.1402851300622151
0.941666666666667	0.1452316838305964	0.1378638657051594
0.9458333333333335	0.14583349815098548	0.14357950465768707
0.9500000000000002	0.14642817970274377	0.13693798572165905
0.9541666666666667	0.14697464803199925	0.12526830857137755
0.9583333333333335	0.14747208227417188	0.12468420232663276
0.9625000000000002	0.14801368305138787	0.128157685197356
0.9666666666666668	0.14854006298414987	0.1399136121632801
0.9708333333333334	0.1491796298194152	0.14199346316238537
0.975	0.14972334184383637	0.13110237759215357
0.9791666666666667	0.15027214963268318	0.13157046521083787
0.9833333333333335	0.15081976238726005	0.12580381077396854
0.9875	0.15132051472246624	0.11953542490950515
0.9916666666666667	0.15181589092817258	0.1241149945315965
0.9958333333333332	0.15235480634356283	0.1346583157329405
1.0	0.1529380435592804	0.12216724991518846
1.0041666666666669	0.1533728667595228	0.10751999685652529
1.0083333333333335	0.1538340435330848	0.10760236669515676
1.0125000000000002	0.15426955314864907	0.11645329645542218
1.0166666666666668	0.15480448767021335	0.11951547610192624
1.0208333333333335	0.1552655154494985	0.11341081254991346
1.0250000000000001	0.15574957777479595	0.11315817873225081
1.0291666666666668	0.1562085002722672	0.11834513406972141
1.0333333333333334	0.15673578722537693	0.11784127031715057
1.0375	0.15719051085824345	0.1076950850878744
1.0416666666666667	0.1576332462677759	0.10602544436631733
1.0458333333333334	0.1580740562279628	0.11164729856340802
1.05	0.15856364042247098	0.11195952846701526
1.0541666666666667	0.15900705229852122	0.10912707845272304
1.0583333333333333	0.15947303274291033	0.11451084414679391
1.0625	0.15996130933307787	0.10766641001840208
1.0666666666666669	0.16037025282639703	0.09556669382761554
1.0708333333333335	0.16075769844830798	0.09024417492066954
1.0750000000000002	0.16112228761740258	0.09401650307520566
1.0791666666666668	0.16154116930726806	0.10008253545998262
1.0833333333333335	0.16195630874623576	0.10333821622122667
1.0875000000000001	0.1624023211091116	0.09853844843032276
1.0916666666666668	0.16277746248315514	0.08165623998443254
1.0958333333333334	0.16308278977564852	0.08469075325062897
1.1	0.16348321876024371	0.08562254046809774
1.1041666666666667	0.16379631094621602	0.0659657793357551
1.1083333333333334	0.1640329335880417	0.06934549765940735
1.1125	0.16437419009337775	0.07037498838940498
1.1166666666666667	0.16461939182462001	0.06789410832569283
1.1208333333333333	0.16493997432942517	0.06907249885287417
1.125	0.1651949959817273	0.06579759526207678
1.1291666666666669	0.1654882876232758	0.07081454205689951
1.1333333333333335	0.16578511716553482	0.06519913016738096
1.1375000000000002	0.16603161370800398	0.06230252041418828
1.1416666666666668	0.1663043048356531	0.0640764831507438
1.1458333333333335	0.16656558440092686	0.05878164638494875
1.1500000000000001	0.16679415188886096	0.05866134926564739
1.1541666666666668	0.16705442897814057	0.05369123571771767
1.1583333333333334	0.16724157885317528	0.04739414802203078
1.1625	0.16744938021165753	0.05183392908528718
1.1666666666666667	0.16767352826221935	0.05658468971421347
1.1708333333333334	0.1679209192926093	0.05251939647459469
1.175	0.1681111898995076	0.0438857081305707
1.1791666666666667	0.1682866335270307	0.03112687140351179
1.1833333333333333	0.16837058049453688	0.03393736743395239
1.1875000000000002	0.16856944492231365	0.042170003339899904
1.1916666666666669	0.16872199718903605	0.03569138378969946
1.1958333333333335	0.16886687312056112	0.03908806844050794
1.2000000000000002	0.16904773109270696	0.04412367348397986
1.2041666666666668	0.1692345703995943	0.017551452488718124
1.2083333333333335	0.1691939931967796	-0.00767989046922025
1.2125000000000001	0.16917057131235083	0.052757626276597414
1.2166666666666668	0.1696336400824179	0.055797999365854896
1.2208333333333334	0.16963555464039962	0.011603790301230257
1.225	0.16973033833492815	0.019903258280266484
1.2291666666666667	0.16980141512606847	0.01437037200764282
1.2333333333333334	0.16985009143499188	0.026023702652504956
1.2375	0.17001827931483934	0.033172638978688156
1.2416666666666667	0.17012653009314757	0.023494166712554464
1.2458333333333333	0.17021406403744396	0.008810084235547357
1.2500000000000002	0.17019994746177716	0.004120928299446289
1.2541666666666669	0.17024840510660602	0.00954265280581733
1.2583333333333335	0.1702794695684923	0.0034287982790851593
1.2625000000000002	0.17027697842559839	-0.002016333439610555
1.2666666666666668	0.1702626667898289	-0.0026840130251679227
1.2708333333333335	0.17025461165038866	-0.005133550712055644
1.2750000000000001	0.17021988720056178	-0.007242287569054851
1.2791666666666668	0.17019425925397988	6.006683255176894E-4
1.2833333333333334	0.17022489276994104	-6.091670066971367E-4
1.2875	0.1701891828622574	-0.007995604420452548
1.2916666666666667	0.17015826273310394	-0.013133635697145986
1.2958333333333334	0.1700797358981145	-0.0138424027603859
1.3	0.1700429093767674	-0.0011378169726522173
1.3041666666666667	0.17007025409000912	-0.005875819560748528
1.3083333333333333	0.16999394421376116	-0.015122049960842661
1.3125000000000002	0.1699442370070021	-0.009393413724111685
1.3166666666666669	0.16991566576606024	-0.006166533441136861
1.3208333333333335	0.1698928492283259	-0.015925938114633612
1.3250000000000002	0.16978294961510496	-0.02396091276027903
1.3291666666666668	0.16969317495532357	-0.02589038003992726
1.3333333333333335	0.16956719644810556	-0.021811175578273504
1.3375000000000001	0.16951141515883797	-0.014514067441962318
1.3416666666666668	0.16944624588608923	-0.011601106056555547
1.3458333333333334	0.16941473927503334	-0.008455797611575805
1.35	0.16937578090599273	-0.005585044309523683
1.3541666666666667	0.16936819723912064	-0.007882984017733637
1.3583333333333334	0.16931008937251166	-0.01940314209573379
1.3625	0.16920650438832288	-0.02415815250721152
1.3666666666666667	0.16910877143495154	-0.014212023465100664
1.3708333333333333	0.16908807085944702	-0.00838688676127763
1.3750000000000002	0.16903888071194087	-0.008057908132989561
1.3791666666666669	0.16902092162500545	-0.0038812652145759755
1.3833333333333335	0.16900653683515274	-0.002101596039902464
1.3875000000000002	0.16900340832467295	-2.2610469639374443E-4
1.3916666666666668	0.16900465262934947	8.121218659714041E-4
1.3958333333333335	0.16901017600688936	-3.917205235261615E-4
1.4000000000000001	0.16900138829165343	-0.0013736234489899757
1.4041666666666668	0.16899872914481442	2.5240991175459943E-4
1.4083333333333334	0.16900349170758475	0.003516607614909277
1.4125	0.16902803420827203	0.0032678931123283667
1.4166666666666667	0.16903072415018747	0.0022794604060724826
1.4208333333333334	0.16904702971165594	0.00479930986971513
1.425	0.16907071839910173	0.0076906979082571525
1.4291666666666667	0.16911111886089145	0.009178641671010086
1.4333333333333336	0.16914720707969352	0.005902970818921851
1.4375	0.16916031028438247	0.003683214699135383
1.4416666666666669	0.16917790053551965	0.00433431137368383
1.4458333333333333	0.16919642954582984	0.002820834606374367
1.4500000000000002	0.16920140749057275	0.005007536793969282
1.4541666666666666	0.1692381590191129	0.004722009549650243
1.4583333333333335	0.1692407575701532	0.0011255105272741093
1.4625	0.16924753827350683	1.4713376277132579E-4
1.4666666666666668	0.16924198368484292	-4.399361159779859E-5
1.4708333333333337	0.16924717166007688	-8.359110917371222E-4
1.475	0.16923501775907843	-0.0039495262358467086
1.479166666666667	0.1692142589414448	-0.006578125424017661
1.4833333333333334	0.16918020004721165	-0.003652898867159047
1.4875000000000005	0.16918381811755182	-0.0032575820080444364
1.4916666666666665	0.1691530535304779	-0.0017982300205678088
1.4958333333333336	0.1691688328673804	-0.0013928026220095793
1.5	0.16914144684196117	-0.002754807988534016
1.5041666666666669	0.16914587613414264	-1.9539358998895563E-5
1.5083333333333335	0.16914128401396952	6.182842037363434E-4
1.5125	0.1691510285025071	-0.0019253296592780648
1.5166666666666666	0.16912523960014222	-0.001137120931690442
1.5208333333333335	0.16914155249474302	-0.00100730853565729
1.5250000000000004	0.1691168453623451	-9.868408302178004E-4
1.529166666666667	0.16913332882115786	-4.8795306610581896E-4
1.5333333333333334	0.1691127790867942	-0.001536130687400557
1.5375	0.1691205277320962	7.106853050670764E-4
1.541666666666667	0.1691187014643364	0.0026126169693994556
1.5458333333333334	0.16914229954017454	0.0030766190408115187
1.5500000000000005	0.16914433995634318	0.004106003620280867
1.5541666666666665	0.16917651623701022	3.6383755250366987E-4
1.5583333333333336	0.1691473719359474	-0.0022617121274346804
1.5625	0.16915766863594825	0.0033422454402213223
1.5666666666666669	0.16917522398128257	0.010010042180074293
1.5708333333333335	0.16924108565411553	0.012156536496112693
1.575	0.1692765284520835	-0.002008274542062165
1.5791666666666666	0.1692243500329317	-0.0054256542128452954
1.5833333333333335	0.16923131466697647	0.0019345563484520203
1.5875000000000004	0.16924047133583545	0.009001900693607151
1.591666666666667	0.1693063305060898	0.03547132417559861
1.5958333333333334	0.16953606570396543	0.030426406876336878
1.6	0.16955988389672597	-0.0033282814928483713
1.604166666666667	0.16950833002485835	-0.017289210349788718
1.6083333333333334	0.16941580714381108	-0.009780168288256435
1.6125000000000005	0.1694268286224562	0.013166400920120792
1.6166666666666665	0.16952552715147876	0.03192960884528475
1.6208333333333336	0.1696929086961669	0.048107626612238774
1.625	0.16992642403991406	0.0501302468345828
1.6291666666666669	0.17011066075312178	0.03003940603120459
1.6333333333333335	0.17017675242350747	0.0022881644266851526
1.6375	0.17012972879001084	-0.004103145317249406
1.6416666666666666	0.1701425595458637	0.023437981210300284
1.6458333333333335	0.17032504530009665	0.04378652102907254
1.6500000000000004	0.17050744722110597	0.04388169521840264
1.654166666666667	0.17069072609358335	0.06617133759969487
1.6583333333333334	0.17105887503443676	0.08018327490494744
1.6625	0.17135892005112455	
