mass_A
t	v_{x}
3.8333333333333335	
3.8666666666666667	-1.5633888124181678E-4
3.9000000000000004	-1.854431845831174E-4
3.9333333333333336	4.464388508652566E-5
3.966666666666667	4.0520343337254005E-5
4.0	7.862655439248852E-5
4.033333333333333	1.990173483393246E-6
4.066666666666667	3.3231030468614666E-5
4.1000000000000005	1.3655321698562308E-4
4.133333333333334	1.2009109768770581E-4
4.166666666666667	-3.085803396356603E-5
4.2	0.0031597870655609723
4.233333333333333	0.0032385580807807114
4.266666666666667	3.3460285932976336E-4
4.300000000000001	9.107496209717591E-4
4.333333333333334	0.0025692063768301097
4.366666666666667	0.003138195483257779
4.4	0.0020471921143266733
4.433333333333334	0.0013811442979212631
4.466666666666667	9.190593459594124E-4
4.5	8.249401019748375E-4
4.533333333333333	0.0013298244238644705
4.566666666666667	0.001999801803792885
4.6000000000000005	0.0035234612224284765
4.633333333333334	0.004140050336726747
4.666666666666667	0.0034639432973090144
4.7	0.0030799169227722603
4.733333333333333	0.004209187035844509
4.766666666666667	0.005363824929991205
4.800000000000001	0.004239037792411053
4.833333333333334	0.0049270150465083725
4.866666666666667	0.005670741708680717
4.9	0.0041971476298024776
4.933333333333334	0.005783106193070235
4.966666666666667	0.007130158489915737
5.0	0.006721434753568098
5.033333333333333	0.007971504510208562
5.066666666666667	0.007972577595226028
5.1000000000000005	0.007837155927323971
5.133333333333334	0.008273032551023773
5.166666666666667	0.008364905952195951
5.2	0.008508850966961148
5.233333333333333	0.00786016656103833
5.266666666666667	0.007468138056522645
5.300000000000001	0.008725911307900652
5.333333333333334	0.008658469279406287
5.366666666666667	0.008766191823148682
5.4	0.009495570931410116
5.433333333333334	0.008872380731183571
5.466666666666667	0.00823867605307528
5.5	0.008459301549400432
5.533333333333334	0.009904657784517568
5.566666666666667	0.010130589076272761
5.6000000000000005	0.010044760205191712
5.633333333333334	0.011057757243386592
5.666666666666667	0.010452001046524715
5.7	0.009780367322786957
5.733333333333333	0.012029110672112018
5.766666666666667	0.013244690476011433
5.800000000000001	0.013560032557424611
5.833333333333334	0.012793271864739249
5.866666666666667	0.011183329438837347
5.9	0.011134585405193735
5.933333333333334	0.011659369173931355
5.966666666666667	0.013349300228081284
6.0	0.014025424635588916
6.033333333333334	0.014374332943635227
6.066666666666667	0.015250517885636437
6.1000000000000005	0.01568774109018659
6.133333333333334	0.015252617930347875
6.166666666666667	0.01479414824265886
6.2	0.015928206572543232
6.233333333333333	0.015297406235745069
6.2666666666666675	0.01440786129930527
6.300000000000001	0.01443073582168813
6.333333333333334	0.015817796320317518
6.366666666666667	0.0156659521993619
6.4	0.014877799736764364
6.433333333333334	0.0162923815618257
6.466666666666667	0.016197750616149326
6.5	0.01577281893134235
6.533333333333334	0.015311188532150397
6.566666666666667	0.01546541947345523
6.6000000000000005	0.015119076623716175
6.633333333333334	0.015772301895679488
6.666666666666667	0.017694799100537038
6.7	0.018542044919533672
6.733333333333333	0.01787367941415999
6.7666666666666675	0.01785111897908969
6.800000000000001	0.01939183045022235
6.833333333333334	0.01008919618725676
6.866666666666667	2.4212740459764783E-4
6.9	0.026444631933533844
6.933333333333334	0.03462841291450259
6.966666666666667	0.018688126978541303
7.000000000000001	0.019569655811719423
7.033333333333334	0.019895362848502705
7.066666666666667	0.020523584589307326
7.1000000000000005	0.018996459300974
7.133333333333334	0.018991353111734312
7.166666666666667	0.020066642762191025
7.2	0.02042665956321239
7.233333333333333	0.020385690400492474
7.2666666666666675	0.02112513701696621
7.300000000000001	0.02153097879317894
7.333333333333334	0.02110243288317633
7.366666666666667	0.021156841207989663
7.4	0.02165648519640433
7.433333333333334	0.021434259399037203
7.466666666666667	0.021775009814036177
7.500000000000001	0.02364773209300371
7.533333333333334	0.023290217303306594
7.566666666666667	0.021943699081172104
7.6000000000000005	0.021807093647877585
7.633333333333334	0.022119012129582952
7.666666666666667	0.022249158009596575
7.7	0.022412637981174714
7.733333333333333	0.02315812584463808
7.7666666666666675	0.022293168997435817
7.800000000000001	0.02183229842979534
7.833333333333334	0.02193838896147918
7.866666666666667	0.022507948710011424
7.9	0.02211616556549467
7.933333333333334	0.022527630423249498
7.966666666666667	0.023936222093630943
8.0	0.02380290136645515
8.033333333333333	0.022971238239997378
8.066666666666666	0.022906710744026264
8.1	0.024049564104367573
8.133333333333335	0.02242829925469887
8.166666666666668	0.02216249507127984
8.200000000000001	0.023011102366012132
8.233333333333334	0.022575256490566728
8.266666666666667	0.023278615260474655
8.3	0.022903010959090368
8.333333333333334	0.023098822802655836
8.366666666666667	0.023417434414563232
8.4	0.023019703577602312
8.433333333333334	0.022129754817523457
8.466666666666667	0.021779043052599086
8.5	0.022507205090968166
8.533333333333333	0.023279650283518343
8.566666666666666	0.024689619788548195
8.600000000000001	0.024230727880752704
8.633333333333335	0.023485542909253785
8.666666666666668	0.023538020924492548
8.700000000000001	0.023881865339662165
8.733333333333334	0.024217950482417712
8.766666666666667	0.023583690501165062
8.8	0.02368338087371578
8.833333333333334	0.024103056256598913
8.866666666666667	0.023413368862766855
8.9	0.023300587282848024
8.933333333333334	0.02396307491388607
8.966666666666667	0.02437089998575394
9.0	0.023961964476426605
9.033333333333333	0.023283559722212886
9.066666666666666	0.023651575403824628
9.100000000000001	0.02472517357338813
9.133333333333335	0.024569777479885323
9.166666666666668	0.025198593518887334
9.200000000000001	0.013572013821654176
9.233333333333334	6.727061292482668E-4
9.266666666666667	0.03704894719110951
9.3	0.049660326550956126
9.333333333333334	0.02564990828070787
9.366666666666667	0.02492520413438251
9.4	0.024782333191350085
9.433333333333334	0.024818715221649235
9.466666666666667	0.024327083947919593
9.5	0.024909642358764233
9.533333333333333	0.025646277218493625
9.566666666666666	0.024858357700329833
9.600000000000001	0.0244876567800721
9.633333333333335	0.02447553907051999
9.666666666666668	0.023389549869906993
9.700000000000001	0.024060862014242325
9.733333333333334	0.02552095588177012
9.766666666666667	0.024555534026897714
9.8	0.023571835523428203
9.833333333333334	0.02333887775137947
9.866666666666667	0.023505035503862213
9.9	0.024506338480180436
9.933333333333334	0.025678625988291893
9.966666666666667	0.02487515768489192
10.0	0.024357320994032053
10.033333333333333	0.013145901581373565
10.066666666666666	8.627120199817982E-4
10.100000000000001	0.03586468235230703
10.133333333333335	0.048388966183890283
10.166666666666668	0.02517757548868657
10.200000000000001	0.023418064807053888
10.233333333333334	0.022132913328811024
10.266666666666667	0.022745480436920807
10.3	0.02436008869580695
10.333333333333334	0.02382099653952174
10.366666666666667	0.022345478418444528
10.4	0.021590913578664737
10.433333333333334	0.021885971943781446
10.466666666666667	0.022828848910408633
10.5	0.023513629190258983
10.533333333333333	0.024514008171052537
10.566666666666668	0.024067940059948202
10.600000000000001	0.022218844459626862
10.633333333333335	0.02122468467414917
10.666666666666668	0.011128634842239415
10.700000000000001	6.724494392307016E-4
10.733333333333334	0.035878189707067784
10.766666666666667	0.04755490493048296
10.8	0.02246284936785296
10.833333333333334	0.021088975703793703
10.866666666666667	0.02234285777195331
10.9	0.02365125090987655
10.933333333333334	0.023011372843541364
10.966666666666667	0.0235717395921206
11.0	0.023505752267285435
11.033333333333333	0.02197409675383792
11.066666666666668	0.02263570030777148
11.100000000000001	0.023399171905067392
11.133333333333335	0.022132252635467593
11.166666666666668	0.021028182836453937
11.200000000000001	0.02213712580680357
11.233333333333334	0.022992983399229068
11.266666666666667	0.02191143808536564
11.3	0.021124126932396455
11.333333333333334	0.021781807684108923
11.366666666666667	0.021823636748227775
11.4	0.02201215280542647
11.433333333333334	0.022363551744863066
11.466666666666667	0.021878088640306485
11.5	0.021300465815003267
11.533333333333333	0.020655813620733397
11.566666666666668	0.019867129418954174
11.600000000000001	0.019796952918867832
11.633333333333335	0.020122088499071343
11.666666666666668	0.020041603807271175
11.700000000000001	0.019787636438597603
11.733333333333334	0.018294098332674775
11.766666666666667	0.019201015406031707
11.8	0.019524345809915
11.833333333333334	0.018518382723955555
11.866666666666667	0.018295808377629567
11.9	0.01842113997135917
11.933333333333334	0.01733178429230701
11.966666666666667	0.016002085009673973
12.0	0.016689409837098525
12.033333333333335	0.017101159049876788
12.066666666666668	0.017927314028123996
12.100000000000001	0.017300293826876485
12.133333333333335	0.016076260367966277
12.166666666666668	0.016062344165328157
12.200000000000001	0.015836233777364844
12.233333333333334	0.01588076136982782
12.266666666666667	0.015444613786623077
12.3	0.01437277911378079
12.333333333333334	0.015054354879828537
12.366666666666667	0.016194482174215815
12.4	0.017454906360761607
12.433333333333334	0.017266139997103563
12.466666666666667	0.016196309365722528
12.5	0.014956507469470895
12.533333333333335	0.013985499213537906
12.566666666666668	0.014459194920106827
12.600000000000001	0.015063259034087423
12.633333333333335	0.014014811296897889
12.666666666666668	0.013783630772426376
12.700000000000001	0.014459483770975282
12.733333333333334	0.015032934832265553
12.766666666666667	0.014828584254996727
12.8	0.013668575597931484
12.833333333333334	0.01409359632070826
12.866666666666667	0.014165032909802212
12.9	0.01274325583724278
12.933333333333334	0.013299131549124491
12.966666666666667	0.013515712485275846
13.0	0.011150978649631674
13.033333333333335	0.011124820209156125
13.066666666666668	0.012582104193635915
13.100000000000001	0.012665226420824382
13.133333333333335	0.011948916040712717
13.166666666666668	0.010980969139462756
13.200000000000001	0.009238924942111251
13.233333333333334	0.009959389643459758
13.266666666666667	0.009870284737169062
13.3	0.00876792419945312
13.333333333333334	0.009400056836522497
13.366666666666667	0.008782762911116591
13.4	0.009643735810581063
13.433333333333334	0.00952682410337953
13.466666666666667	0.007855662159173861
13.5	0.00837679542893588
13.533333333333335	0.008399342811648093
13.566666666666668	0.007725409215120303
13.600000000000001	0.007729270436547508
13.633333333333335	0.008707832348129284
13.666666666666668	0.008588194776732706
13.700000000000001	0.00784099257161244
13.733333333333334	0.007362544782688768
13.766666666666667	0.006680083321784368
13.8	0.006082589350928826
13.833333333333334	0.005566913397840634
13.866666666666667	0.004849855511522336
13.9	0.005265406503064005
13.933333333333334	0.005159018612653387
13.966666666666667	0.004441018440873554
14.000000000000002	0.004956143533171733
14.033333333333335	0.004673988436635483
14.066666666666668	0.004488819891048846
14.100000000000001	0.005188428605704924
14.133333333333335	0.0029731642052238084
14.166666666666668	5.3278164832124316E-5
14.200000000000001	0.007029373653934659
14.233333333333334	0.007631289934271127
14.266666666666667	0.0022620129866503455
14.3	0.0027778023150941003
14.333333333333334	0.0015048810580290458
14.366666666666667	0.0016487396254600778
14.4	0.003087579310203264
14.433333333333334	0.0035568472851387188
14.466666666666667	0.0022724102004437505
14.500000000000002	4.6981680277164974E-4
14.533333333333335	2.0962520541953047E-4
14.566666666666668	6.810109103742435E-4
14.600000000000001	7.110647473598288E-4
14.633333333333335	7.659868801251148E-4
14.666666666666668	-3.100604527254881E-5
14.700000000000001	-8.492707159809176E-4
14.733333333333334	4.764301670685531E-5
14.766666666666667	-2.7053701700510214E-4
14.8	-0.0011987483331282619
14.833333333333334	-0.001468011429277658
14.866666666666667	-0.001320954505566204
14.9	-7.900934509128975E-4
14.933333333333334	-0.001139141610910907
14.966666666666667	-0.0014608434928417915
15.000000000000002	-0.0011847292648973413
15.033333333333335	-0.0012486689063758863
15.066666666666668	-0.0029421647370989658
15.100000000000001	-0.0033091741199924155
15.133333333333335	-0.002559786492206631
15.166666666666668	-0.002119580742367752
15.200000000000001	-0.0016591356364021306
15.233333333333334	-0.002032169817721307
15.266666666666667	-0.002992103646978313
15.3	-0.003575228195525491
15.333333333333334	-0.00262000256591625
15.366666666666667	-0.0013507007253147501
15.4	-9.094463973517557E-4
15.433333333333334	-4.8644140970964647E-4
15.466666666666667	-4.384255066065586E-4
15.500000000000002	-4.406460395617176E-4
15.533333333333335	-1.289424714342462E-4
15.566666666666668	-2.8986563970012755E-4
15.600000000000001	-1.511682089125428E-4
15.633333333333335	2.6838356234302747E-4
15.666666666666668	2.4920254582075466E-4
15.700000000000001	1.3507643835423028E-4
15.733333333333334	6.70373669905601E-4
15.766666666666667	8.699950837270816E-4
15.8	1.418303844876357E-4
15.833333333333334	4.513669054439564E-4
15.866666666666667	0.0011058512876218189
15.9	8.644905401419167E-4
15.933333333333334	4.053631770763355E-4
15.966666666666669	5.887887984425839E-4
16.0	0.0010486994103056447
16.033333333333335	6.568041761475658E-4
16.066666666666666	6.109240536064528E-5
16.1	1.5236441368278027E-4
16.133333333333333	4.3329344160147377E-4
16.166666666666668	2.8488800139288045E-4
16.2	3.3398035624708234E-4
16.233333333333334	-9.290151935385317E-5
16.26666666666667	-4.015690607347625E-4
16.3	-5.456225354535111E-5
16.333333333333336	-4.854454073424541E-4
16.366666666666667	-4.887832553635993E-4
16.400000000000002	-5.216441167117488E-4
16.433333333333334	-2.4314387027242867E-4
16.46666666666667	-4.178520468595497E-5
16.5	-2.1416776994163258E-4
16.533333333333335	-2.2399687307325962E-4
16.566666666666666	-7.591532097210467E-5
16.6	-3.432295489111805E-5
16.633333333333333	-3.1704206419649704E-4
16.666666666666668	3.0289305098720713E-5
16.700000000000003	-2.1589156767105356E-5
16.733333333333334	-4.19117063205029E-4
16.76666666666667	-2.840795962859173E-4
16.8	3.87683161376141E-4
16.833333333333336	5.266775677025636E-4
16.866666666666667	4.642056946123793E-4
16.900000000000002	4.513981959125699E-4
16.933333333333334	2.749315504777149E-4
16.96666666666667	3.501843904603293E-5
17.0	1.6621077816243818E-4
17.033333333333335	-1.3886092492691434E-4
17.066666666666666	6.010773761627537E-4
17.1	3.3728743072629206E-4
17.133333333333333	-5.453797452745456E-4
17.166666666666668	1.2803752205868644E-4
17.200000000000003	0.001981472245786471
17.233333333333334	0.004678166120002647
17.26666666666667	0.003729610804118855
17.3	5.663446832880841E-4
17.333333333333336	-0.0022892623585030656
17.366666666666667	-0.0023754735637886108
17.400000000000002	0.0019711603510640034
17.433333333333334	0.00422676494592844
17.46666666666667	0.006553647801267233
17.5	0.006328806040399718
17.533333333333335	0.002783153375484538
17.566666666666666	0.0011511194862661475
17.6	1.7766479763368226E-4
17.633333333333333	0.0034157743721575664
17.666666666666668	0.00630931313882996
17.700000000000003	0.005702616772636997
17.733333333333334	0.006512439296724172
17.76666666666667	0.009374417516368683
17.8	
	
	
	
	
	
	
	
	
	
	
	
	
	
	
	
	
	
	
	
	
	
	
	
	
	
	
	
	
	
	
	
	
	
	
	
	
	
	
	
	
	
	
	
	
	
	
	
	
	
	
	
	
	
	
	
	
	
	
	
	
	
	
	
	
	
	
	
	
	
	
	
	
	
	
	
	
	
	
	
	
	
	
	
	
	
	
	
	
	
	
	
	
	
	
	
	
	
	
	
	
	
	
	
	
	
	
	
	
	
	
	
	
	
	
	
	
	
	
	
	
	
	
	
	
	
	
	
	
	
	
	
	
	
	
	
	
	
	
	
	
	
	
	
	
	
	
